   1.84930626994600      -0.543743323066193       4.842912708860742E-003
  4.842899171535850E-003 -4.842908277124661E-003 -4.278381657765724E-003
 -4.278362960263600E-003  4.278375047048411E-003  4.459601180355851E-002
 -8.786841032268839E-004 -8.786825238290805E-004  8.786823999876589E-004
  7.696933164936390E-004  7.696909094462114E-004 -7.696914474803763E-004
   7.06707976820770      -1.997862437729536E-002  1.997864631718934E-002
  -10.8331577658173       1.795266092875778E-002 -1.795269062943804E-002
   7.06707978835695       1.997858704588325E-002  1.795266839957020E-002
  -10.8331578098642      -1.795261824405145E-002   7.06707979215576     
 -1.795268466278067E-002 -1.795262892219722E-002  -10.8331578173277     
   4.24520844005970      -1.561189629205081E-002  1.561191973351567E-002
   4.24520846239226       1.561185466857539E-002   4.24520846526940     
   1.84930771081564      -0.543742352408195      -4.838065898090438E-003
 -4.838055599862972E-003  4.838067862629939E-003  4.272693372752313E-003
  4.272679291930712E-003 -4.272696557296384E-003  4.459582106082492E-002
  8.713152281656214E-004  8.713166837974979E-004 -8.713151813513804E-004
 -7.640389633839456E-004 -7.640394403918941E-004  7.640392034069979E-004
   7.06707545326006      -1.996761763053886E-002  1.996764330458036E-002
  -10.8331449092627       1.793647440856503E-002 -1.793650751516878E-002
   7.06707547499590       1.996758066009053E-002  1.793647952548264E-002
  -10.8331449569084      -1.793642859315786E-002   7.06707547575743     
 -1.793650061210876E-002 -1.793644382149126E-002  -10.8331449571803     
   4.24520208755747      -1.559439928362024E-002  1.559442609635968E-002
   4.24520211184230       1.559435734893141E-002   4.24520211051670     
