   1.52478678882183      -3.089809386958850E-002 -2.209319943729889E-018
  5.666920238509792E-019  4.336808689942018E-019  1.059819413122521E-018
 -9.787324233161870E-020  1.192622389734055E-018  1.227592454187248E-002
  8.875297423278969E-019  5.872542958053809E-019  5.421010862427522E-019
 -3.243069641203125E-019 -1.471743536977448E-018 -4.336808689942018E-019
   9.35741566053268      -2.006071782394737E-014  4.826601335527672E-015
  -15.6987425422447       1.683737142290338E-014 -4.028857889796714E-015
   9.35741566053268      -9.440365156265784E-015  1.685901264829493E-014
  -15.6987425422448       7.865236240078843E-015   9.35741566053268     
 -4.002151386389064E-015  7.900115600615584E-015  -15.6987425422447     
   6.64407761061169      -1.425132146878101E-014  3.387801294158231E-015
   6.64407761061169      -6.720318745934151E-015   6.64407761061168     
   1.52478678882183      -3.089809386958850E-002  1.233539013881927E-018
 -1.330105958712717E-019 -1.192622389734055E-018 -1.059820888735653E-018
  9.787241865422435E-020 -1.192622389734055E-018  1.227592454187249E-002
 -1.285880850924485E-019  2.801074134573144E-019 -5.421010862427522E-019
  6.495674305691006E-019  1.707009065099551E-019  1.409462824231156E-018
   9.35741566053268      -2.005724839282793E-014  4.830070786280562E-015
  -15.6987425422447       1.685124922728010E-014 -4.035796790058234E-015
   9.35741566053268      -9.440365156265784E-015  1.686595154583176E-014
  -15.6987425422447       7.872175133982751E-015   9.35741566053268     
 -4.009090268211319E-015  7.920932300542262E-015  -15.6987425422447     
   6.64407761061169      -1.425826038061658E-014  3.380862408859028E-015
   6.64407761061169      -6.713379852030243E-015   6.64407761061169     
