   1.73605618398457      -0.351857493616635       6.417512268890075E-020
 -1.538382932342332E-019 -1.301042606982605E-018  6.722004036169337E-019
 -2.460050923503156E-019  8.673617379884035E-019  2.353542439148009E-002
  3.014181309413052E-021  1.774605208111790E-020  1.219727444046192E-019
 -6.493060335335279E-020 -3.688050708421831E-020 -5.421010862427522E-020
   6.42506727115731      -1.380163142741726E-014  3.285323316376904E-015
  -9.50950669717247       1.019215144024135E-014 -2.352815893698327E-015
   6.42506727115731      -6.470518565393490E-015  1.019552103468299E-014
  -9.50950669717248       4.794775687599895E-015   6.42506727115731     
 -2.363568270446805E-015  4.775331065423456E-015  -9.50950669717247     
   3.63204698138291      -7.758460685525919E-015  1.811120172511235E-015
   3.63204698138291      -3.632510958695434E-015   3.63204698138291     
   1.73605618398457      -0.351857493616635      -1.725958840269804E-019
 -2.798431263282109E-019  1.301042606982605E-018  4.120022500594854E-019
 -1.876750873767285E-019 -8.673617379884035E-019  2.353542439148009E-002
 -3.013747846026681E-021 -1.774591656304706E-020 -1.219727444046192E-019
  1.733505895622003E-019  1.453005883756897E-019 -5.421010862427522E-020
   6.42506727115730      -1.381550922425006E-014  3.285323323101303E-015
  -9.50950669717247       1.020602923629094E-014 -2.380571478738232E-015
   6.42506727115731      -6.456640777585676E-015  1.022327661568392E-014
  -9.50950669717247       4.791306240647941E-015   6.42506727115731     
 -2.370507171366816E-015  4.751044939636762E-015  -9.50950669717247     
   3.63204698138291      -7.751521799436549E-015  1.811120179833022E-015
   3.63204698138291      -3.660266534311063E-015   3.63204698138291     
