    75
     1    0.000000    0.000000   -0.745706       0.008000
     2   -0.186427    0.186427   -0.559280       0.008000
     3   -0.372853    0.372853   -0.372853       0.008000
     4   -0.559280    0.559280   -0.186427       0.008000
     5   -0.745706    0.745706    0.000000       0.008000
     6    0.186427   -0.186427   -0.559280       0.008000
     7    0.000000    0.000000   -0.372853       0.008000
     8   -0.186427    0.186427   -0.186427       0.008000
     9   -0.372853    0.372853    0.000000       0.008000
    10   -0.559280    0.559280    0.186427       0.008000
    11    0.372853   -0.372853   -0.372853       0.008000
    12    0.186427   -0.186427   -0.186427       0.008000
    13    0.000000    0.000000    0.000000       0.008000
    14   -0.186427    0.186427    0.186427       0.008000
    15   -0.372853    0.372853    0.372853       0.008000
    16    0.559280   -0.559280   -0.186427       0.008000
    17    0.372853   -0.372853    0.000000       0.008000
    18    0.186427   -0.186427    0.186427       0.008000
    19    0.000000    0.000000    0.372853       0.008000
    20   -0.186427    0.186427    0.559280       0.008000
    21    0.745706   -0.745706    0.000000       0.008000
    22    0.559280   -0.559280    0.186427       0.008000
    23    0.372853   -0.372853    0.372853       0.008000
    24    0.186427   -0.186427    0.559280       0.008000
    25    0.000000    0.000000    0.745706       0.008000
    26    0.186427    0.186427   -0.932133       0.016000
    27    0.000000    0.372853   -0.745706       0.016000
    28   -0.186427    0.559280   -0.559280       0.016000
    29   -0.372853    0.745706   -0.372853       0.016000
    30   -0.559280    0.932133   -0.186427       0.016000
    31    0.372853    0.000000   -0.745706       0.016000
    32    0.186427    0.186427   -0.559280       0.016000
    33    0.000000    0.372853   -0.372853       0.016000
    34   -0.186427    0.559280   -0.186427       0.016000
    35   -0.372853    0.745706    0.000000       0.016000
    36    0.559280   -0.186427   -0.559280       0.016000
    37    0.372853    0.000000   -0.372853       0.016000
    38    0.186427    0.186427   -0.186427       0.016000
    39    0.000000    0.372853    0.000000       0.016000
    40   -0.186427    0.559280    0.186427       0.016000
    41    0.745706   -0.372853   -0.372853       0.016000
    42    0.559280   -0.186427   -0.186427       0.016000
    43    0.372853    0.000000    0.000000       0.016000
    44    0.186427    0.186427    0.186427       0.016000
    45    0.000000    0.372853    0.372853       0.016000
    46    0.932133   -0.559280   -0.186427       0.016000
    47    0.745706   -0.372853    0.000000       0.016000
    48    0.559280   -0.186427    0.186427       0.016000
    49    0.372853    0.000000    0.372853       0.016000
    50    0.186427    0.186427    0.559280       0.016000
    51    0.372853    0.372853   -1.118560       0.016000
    52    0.186427    0.559280   -0.932133       0.016000
    53    0.000000    0.745706   -0.745706       0.016000
    54   -0.186427    0.932133   -0.559280       0.016000
    55   -0.372853    1.118560   -0.372853       0.016000
    56    0.559280    0.186427   -0.932133       0.016000
    57    0.372853    0.372853   -0.745706       0.016000
    58    0.186427    0.559280   -0.559280       0.016000
    59    0.000000    0.745706   -0.372853       0.016000
    60   -0.186427    0.932133   -0.186427       0.016000
    61    0.745706    0.000000   -0.745706       0.016000
    62    0.559280    0.186427   -0.559280       0.016000
    63    0.372853    0.372853   -0.372853       0.016000
    64    0.186427    0.559280   -0.186427       0.016000
    65    0.000000    0.745706    0.000000       0.016000
    66    0.932133   -0.186427   -0.559280       0.016000
    67    0.745706    0.000000   -0.372853       0.016000
    68    0.559280    0.186427   -0.186427       0.016000
    69    0.372853    0.372853    0.000000       0.016000
    70    0.186427    0.559280    0.186427       0.016000
    71    1.118560   -0.372853   -0.372853       0.016000
    72    0.932133   -0.186427   -0.186427       0.016000
    73    0.745706    0.000000    0.000000       0.016000
    74    0.559280    0.186427    0.186427       0.016000
    75    0.372853    0.372853    0.372853       0.016000
