   1.74873897032891      -0.360014362845858       9.433720170774927E-019
  7.180019273019322E-019 -4.336808689942018E-019  7.734890164934695E-019
  6.188058879729140E-019  1.084202172485504E-018  2.420246561145084E-002
  3.897306103859926E-021  7.238430628314824E-020  1.355252715606881E-019
 -6.652224642846623E-020  1.661924724874111E-020 -3.523657060577889E-019
   6.38962578100083      -1.373083937407397E-014  3.271500843650255E-015
  -9.43942762068482       1.015609360864985E-014 -2.359828311099554E-015
   6.38962578100083      -6.442762989777862E-015  1.015392968468659E-014
  -9.43942762068482       4.718447854656915E-015   6.38962578100083     
 -2.362834673672379E-015  4.691294863706493E-015  -9.43942762068482     
   3.60019095009905      -7.715569797510032E-015  1.783460023105405E-015
   3.60019095009905      -3.639449852599341E-015   3.60019095009905     
   1.74873897032891      -0.360014362845858       3.576999619936040E-019
  5.830546648141815E-019  1.301042606982605E-018 -6.651049592995927E-019
 -6.188238173267840E-019 -2.168404344971009E-019  2.420246561145084E-002
 -3.902721450205963E-021 -7.238568074695889E-020 -1.355252715606881E-019
 -4.189282783728649E-020  9.180267533641126E-020  2.439454888092385E-019
   6.38962578100083      -1.374471721049574E-014  3.271500733620775E-015
  -9.43942762068482       1.015609366053632E-014 -2.359828220823633E-015
   6.38962578100083      -6.442762989777862E-015  1.013311295138863E-014
  -9.43942762068482       4.732325642464730E-015   6.38962578100083     
 -2.362834747420184E-015  4.691294839009575E-015  -9.43942762068481     
   3.60019095009905      -7.708630944473423E-015  1.783459934069970E-015
   3.60019095009905      -3.625572064791527E-015   3.60019095009905     
