   196
     1    0.000000    0.000000   -0.798971       0.002915
     2   -0.133162    0.133162   -0.665809       0.002915
     3   -0.266324    0.266324   -0.532647       0.002915
     4   -0.399486    0.399486   -0.399486       0.002915
     5   -0.532647    0.532647   -0.266324       0.002915
     6   -0.665809    0.665809   -0.133162       0.002915
     7   -0.798971    0.798971    0.000000       0.002915
     8    0.133162   -0.133162   -0.665809       0.002915
     9    0.000000    0.000000   -0.532647       0.002915
    10   -0.133162    0.133162   -0.399486       0.002915
    11   -0.266324    0.266324   -0.266324       0.002915
    12   -0.399486    0.399486   -0.133162       0.002915
    13   -0.532647    0.532647    0.000000       0.002915
    14   -0.665809    0.665809    0.133162       0.002915
    15    0.266324   -0.266324   -0.532647       0.002915
    16    0.133162   -0.133162   -0.399486       0.002915
    17    0.000000    0.000000   -0.266324       0.002915
    18   -0.133162    0.133162   -0.133162       0.002915
    19   -0.266324    0.266324    0.000000       0.002915
    20   -0.399486    0.399486    0.133162       0.002915
    21   -0.532647    0.532647    0.266324       0.002915
    22    0.399486   -0.399486   -0.399486       0.002915
    23    0.266324   -0.266324   -0.266324       0.002915
    24    0.133162   -0.133162   -0.133162       0.002915
    25    0.000000    0.000000    0.000000       0.002915
    26   -0.133162    0.133162    0.133162       0.002915
    27   -0.266324    0.266324    0.266324       0.002915
    28   -0.399486    0.399486    0.399486       0.002915
    29    0.532647   -0.532647   -0.266324       0.002915
    30    0.399486   -0.399486   -0.133162       0.002915
    31    0.266324   -0.266324    0.000000       0.002915
    32    0.133162   -0.133162    0.133162       0.002915
    33    0.000000    0.000000    0.266324       0.002915
    34   -0.133162    0.133162    0.399486       0.002915
    35   -0.266324    0.266324    0.532647       0.002915
    36    0.665809   -0.665809   -0.133162       0.002915
    37    0.532647   -0.532647    0.000000       0.002915
    38    0.399486   -0.399486    0.133162       0.002915
    39    0.266324   -0.266324    0.266324       0.002915
    40    0.133162   -0.133162    0.399486       0.002915
    41    0.000000    0.000000    0.532647       0.002915
    42   -0.133162    0.133162    0.665809       0.002915
    43    0.798971   -0.798971    0.000000       0.002915
    44    0.665809   -0.665809    0.133162       0.002915
    45    0.532647   -0.532647    0.266324       0.002915
    46    0.399486   -0.399486    0.399486       0.002915
    47    0.266324   -0.266324    0.532647       0.002915
    48    0.133162   -0.133162    0.665809       0.002915
    49    0.000000    0.000000    0.798971       0.002915
    50    0.133162    0.133162   -0.932133       0.005831
    51    0.000000    0.266324   -0.798971       0.005831
    52   -0.133162    0.399486   -0.665809       0.005831
    53   -0.266324    0.532647   -0.532647       0.005831
    54   -0.399486    0.665809   -0.399486       0.005831
    55   -0.532647    0.798971   -0.266324       0.005831
    56   -0.665809    0.932133   -0.133162       0.005831
    57    0.266324    0.000000   -0.798971       0.005831
    58    0.133162    0.133162   -0.665809       0.005831
    59    0.000000    0.266324   -0.532647       0.005831
    60   -0.133162    0.399486   -0.399486       0.005831
    61   -0.266324    0.532647   -0.266324       0.005831
    62   -0.399486    0.665809   -0.133162       0.005831
    63   -0.532647    0.798971    0.000000       0.005831
    64    0.399486   -0.133162   -0.665809       0.005831
    65    0.266324    0.000000   -0.532647       0.005831
    66    0.133162    0.133162   -0.399486       0.005831
    67    0.000000    0.266324   -0.266324       0.005831
    68   -0.133162    0.399486   -0.133162       0.005831
    69   -0.266324    0.532647    0.000000       0.005831
    70   -0.399486    0.665809    0.133162       0.005831
    71    0.532647   -0.266324   -0.532647       0.005831
    72    0.399486   -0.133162   -0.399486       0.005831
    73    0.266324    0.000000   -0.266324       0.005831
    74    0.133162    0.133162   -0.133162       0.005831
    75    0.000000    0.266324    0.000000       0.005831
    76   -0.133162    0.399486    0.133162       0.005831
    77   -0.266324    0.532647    0.266324       0.005831
    78    0.665809   -0.399486   -0.399486       0.005831
    79    0.532647   -0.266324   -0.266324       0.005831
    80    0.399486   -0.133162   -0.133162       0.005831
    81    0.266324    0.000000    0.000000       0.005831
    82    0.133162    0.133162    0.133162       0.005831
    83    0.000000    0.266324    0.266324       0.005831
    84   -0.133162    0.399486    0.399486       0.005831
    85    0.798971   -0.532647   -0.266324       0.005831
    86    0.665809   -0.399486   -0.133162       0.005831
    87    0.532647   -0.266324    0.000000       0.005831
    88    0.399486   -0.133162    0.133162       0.005831
    89    0.266324    0.000000    0.266324       0.005831
    90    0.133162    0.133162    0.399486       0.005831
    91    0.000000    0.266324    0.532647       0.005831
    92    0.932133   -0.665809   -0.133162       0.005831
    93    0.798971   -0.532647    0.000000       0.005831
    94    0.665809   -0.399486    0.133162       0.005831
    95    0.532647   -0.266324    0.266324       0.005831
    96    0.399486   -0.133162    0.399486       0.005831
    97    0.266324    0.000000    0.532647       0.005831
    98    0.133162    0.133162    0.665809       0.005831
    99    0.266324    0.266324   -1.065295       0.005831
   100    0.133162    0.399486   -0.932133       0.005831
   101    0.000000    0.532647   -0.798971       0.005831
   102   -0.133162    0.665809   -0.665809       0.005831
   103   -0.266324    0.798971   -0.532647       0.005831
   104   -0.399486    0.932133   -0.399486       0.005831
   105   -0.532647    1.065295   -0.266324       0.005831
   106    0.399486    0.133162   -0.932133       0.005831
   107    0.266324    0.266324   -0.798971       0.005831
   108    0.133162    0.399486   -0.665809       0.005831
   109    0.000000    0.532647   -0.532647       0.005831
   110   -0.133162    0.665809   -0.399486       0.005831
   111   -0.266324    0.798971   -0.266324       0.005831
   112   -0.399486    0.932133   -0.133162       0.005831
   113    0.532647    0.000000   -0.798971       0.005831
   114    0.399486    0.133162   -0.665809       0.005831
   115    0.266324    0.266324   -0.532647       0.005831
   116    0.133162    0.399486   -0.399486       0.005831
   117    0.000000    0.532647   -0.266324       0.005831
   118   -0.133162    0.665809   -0.133162       0.005831
   119   -0.266324    0.798971    0.000000       0.005831
   120    0.665809   -0.133162   -0.665809       0.005831
   121    0.532647    0.000000   -0.532647       0.005831
   122    0.399486    0.133162   -0.399486       0.005831
   123    0.266324    0.266324   -0.266324       0.005831
   124    0.133162    0.399486   -0.133162       0.005831
   125    0.000000    0.532647    0.000000       0.005831
   126   -0.133162    0.665809    0.133162       0.005831
   127    0.798971   -0.266324   -0.532647       0.005831
   128    0.665809   -0.133162   -0.399486       0.005831
   129    0.532647    0.000000   -0.266324       0.005831
   130    0.399486    0.133162   -0.133162       0.005831
   131    0.266324    0.266324    0.000000       0.005831
   132    0.133162    0.399486    0.133162       0.005831
   133    0.000000    0.532647    0.266324       0.005831
   134    0.932133   -0.399486   -0.399486       0.005831
   135    0.798971   -0.266324   -0.266324       0.005831
   136    0.665809   -0.133162   -0.133162       0.005831
   137    0.532647    0.000000    0.000000       0.005831
   138    0.399486    0.133162    0.133162       0.005831
   139    0.266324    0.266324    0.266324       0.005831
   140    0.133162    0.399486    0.399486       0.005831
   141    1.065295   -0.532647   -0.266324       0.005831
   142    0.932133   -0.399486   -0.133162       0.005831
   143    0.798971   -0.266324    0.000000       0.005831
   144    0.665809   -0.133162    0.133162       0.005831
   145    0.532647    0.000000    0.266324       0.005831
   146    0.399486    0.133162    0.399486       0.005831
   147    0.266324    0.266324    0.532647       0.005831
   148    0.399486    0.399486   -1.198457       0.005831
   149    0.266324    0.532647   -1.065295       0.005831
   150    0.133162    0.665809   -0.932133       0.005831
   151    0.000000    0.798971   -0.798971       0.005831
   152   -0.133162    0.932133   -0.665809       0.005831
   153   -0.266324    1.065295   -0.532647       0.005831
   154   -0.399486    1.198457   -0.399486       0.005831
   155    0.532647    0.266324   -1.065295       0.005831
   156    0.399486    0.399486   -0.932133       0.005831
   157    0.266324    0.532647   -0.798971       0.005831
   158    0.133162    0.665809   -0.665809       0.005831
   159    0.000000    0.798971   -0.532647       0.005831
   160   -0.133162    0.932133   -0.399486       0.005831
   161   -0.266324    1.065295   -0.266324       0.005831
   162    0.665809    0.133162   -0.932133       0.005831
   163    0.532647    0.266324   -0.798971       0.005831
   164    0.399486    0.399486   -0.665809       0.005831
   165    0.266324    0.532647   -0.532647       0.005831
   166    0.133162    0.665809   -0.399486       0.005831
   167    0.000000    0.798971   -0.266324       0.005831
   168   -0.133162    0.932133   -0.133162       0.005831
   169    0.798971    0.000000   -0.798971       0.005831
   170    0.665809    0.133162   -0.665809       0.005831
   171    0.532647    0.266324   -0.532647       0.005831
   172    0.399486    0.399486   -0.399486       0.005831
   173    0.266324    0.532647   -0.266324       0.005831
   174    0.133162    0.665809   -0.133162       0.005831
   175    0.000000    0.798971    0.000000       0.005831
   176    0.932133   -0.133162   -0.665809       0.005831
   177    0.798971    0.000000   -0.532647       0.005831
   178    0.665809    0.133162   -0.399486       0.005831
   179    0.532647    0.266324   -0.266324       0.005831
   180    0.399486    0.399486   -0.133162       0.005831
   181    0.266324    0.532647    0.000000       0.005831
   182    0.133162    0.665809    0.133162       0.005831
   183    1.065295   -0.266324   -0.532647       0.005831
   184    0.932133   -0.133162   -0.399486       0.005831
   185    0.798971    0.000000   -0.266324       0.005831
   186    0.665809    0.133162   -0.133162       0.005831
   187    0.532647    0.266324    0.000000       0.005831
   188    0.399486    0.399486    0.133162       0.005831
   189    0.266324    0.532647    0.266324       0.005831
   190    1.198457   -0.399486   -0.399486       0.005831
   191    1.065295   -0.266324   -0.266324       0.005831
   192    0.932133   -0.133162   -0.133162       0.005831
   193    0.798971    0.000000    0.000000       0.005831
   194    0.665809    0.133162    0.133162       0.005831
   195    0.532647    0.266324    0.266324       0.005831
   196    0.399486    0.399486    0.399486       0.005831
