   1.73649080598721      -0.352266211030963      -8.030886696979726E-019
 -5.874909643425308E-019 -1.301042606982605E-018 -4.121547295547636E-019
  6.213101747018954E-019  1.084202172485504E-018  2.357117632157693E-002
  2.890924243180301E-021  7.190949647199517E-020  1.219727444046192E-019
 -9.191915477653035E-020 -1.452561740493521E-019 -2.710505431213761E-020
   6.42331376142464      -1.380156511679676E-014  3.271449318414077E-015
  -9.50597523731889       1.020596143458807E-014 -2.373637290802077E-015
   6.42331376142464      -6.484396353201305E-015  1.023021819871226E-014
  -9.50597523731889       4.773959005888173E-015   6.42331376142464     
 -2.363531339176808E-015  4.754477072071256E-015  -9.50597523731889     
   3.63041453793581      -7.765334940140424E-015  1.804187344515684E-015
   3.63041453793581      -3.632510958695434E-015   3.63041453793581     
   1.73649080598721      -0.352266211030963       8.030881214329511E-019
  1.538095566165324E-019  1.301042606982605E-018 -4.552065080525444E-019
 -6.213094997955255E-019 -1.084202172485504E-018  2.357117632157693E-002
 -2.890518330095618E-021 -7.190936118370403E-020 -1.355252715606881E-020
  1.461290502285393E-019  3.683582122693912E-020  2.710505431213761E-020
   6.42331376142464      -1.377380955010624E-014  3.278388219513418E-015
  -9.50597523731890       1.019208365495231E-014 -2.373637300532262E-015
   6.42331376142464      -6.526029716624748E-015  1.020246262865674E-014
  -9.50597523731889       4.773959005888173E-015   6.42331376142464     
 -2.363531347502152E-015  4.751007627765654E-015  -9.50597523731889     
   3.63041453793581      -7.751457160119779E-015  1.811126246153480E-015
   3.63041453793581      -3.656797087359109E-015   3.63041453793581     
