   1.84930626994609      -0.543743323066307       4.842912708856340E-003
  4.842899171535136E-003 -4.842908277126815E-003 -4.278381657760438E-003
 -4.278362960262460E-003  4.278375047051170E-003  4.459601180357312E-002
 -8.786841032259009E-004 -8.786825238296878E-004  8.786823999881802E-004
  7.696933164926127E-004  7.696909094466191E-004 -7.696914474809322E-004
   7.06707976820700      -1.997862437731188E-002  1.997864631721100E-002
  -10.8331577658158       1.795266092877489E-002 -1.795269062946160E-002
   7.06707978835570       1.997858704584262E-002  1.795266839958790E-002
  -10.8331578098616      -1.795261824401122E-002   7.06707979215668     
 -1.795268466280328E-002 -1.795262892215379E-002  -10.8331578173296     
   4.24520844005897      -1.561189629206749E-002  1.561191973353857E-002
   4.24520846239096       1.561185466853509E-002   4.24520846527032     
   1.84930771081564      -0.543742352408196      -4.838065898093102E-003
 -4.838055599865024E-003  4.838067862628932E-003  4.272693372755691E-003
  4.272679291932947E-003 -4.272696557294671E-003  4.459582106082533E-002
  8.713152281664005E-004  8.713166837986759E-004 -8.713151813515032E-004
 -7.640389633847137E-004 -7.640394403928619E-004  7.640392034069824E-004
   7.06707545325960      -1.996761763052405E-002  1.996764330455789E-002
  -10.8331449092618       1.793647440854931E-002 -1.793650751514456E-002
   7.06707547499529       1.996758066004516E-002  1.793647952546584E-002
  -10.8331449569071      -1.793642859311065E-002   7.06707547575452     
 -1.793650061208583E-002 -1.793644382144388E-002  -10.8331449571743     
   4.24520208755699      -1.559439928360451E-002  1.559442609633651E-002
   4.24520211184167       1.559435734888522E-002   4.24520211051374     
