   1.76936430488628      -0.385443406923361       1.673075682944270E-019
  2.379647507606782E-019  4.336808689942018E-019  8.004254931048911E-019
  1.755359001678927E-018 -4.336808689942018E-019  2.689651899029535E-002
 -1.996717632246609E-020 -1.782003644011004E-020  2.710505431213761E-020
  9.669623224156824E-020  1.066276511944089E-019  5.421010862427522E-020
   5.23407720067090      -1.127662669734502E-014  2.694553653841238E-015
  -7.19903105556836       7.674606179560561E-015 -1.797384034467291E-015
   5.23407720067091      -5.273559366969494E-015  7.690397279990508E-015
  -7.19903105556836       3.625572064791527E-015   5.23407720067091     
 -1.835185974429218E-015  3.646348311402614E-015  -7.19903105556835     
   2.63916129222331      -5.647779745233170E-015  1.277631975095084E-015
   2.63916129222331      -2.685351940812097E-015   2.63916129222331     
   1.76936430488628      -0.385443406923361       2.663737589916456E-019
 -6.716456967531600E-019 -4.336808689942018E-019  6.693559656886282E-020
 -4.543162534269540E-019  8.673617379884035E-019  2.689651899029536E-002
 -2.069002790579741E-020  1.782027832044980E-020 -5.421010862427522E-020
  1.201438949618759E-019  1.792335061573993E-021 -5.421010862427522E-020
   5.23407720067091      -1.124887113422485E-014  2.694553647991327E-015
  -7.19903105556836       7.674606192822840E-015 -1.776567347406537E-015
   5.23407720067091      -5.259681579161679E-015  7.697336170837825E-015
  -7.19903105556836       3.653327640407156E-015   5.23407720067091     
 -1.821308199605101E-015  3.684512235289431E-015  -7.19903105556835     
   2.63916129222331      -5.654718649589456E-015  1.298448649674769E-015
   2.63916129222331      -2.685351940812097E-015   2.63916129222331     
