0.000000000000	 0.166882432112
0.225015916564	 0.166352351039
0.450031833127	 0.164762526328
0.675047749691	 0.162114600740
0.900063666255	 0.158412760085
1.125079582818	 0.153666394532
1.350095499382	 0.147894554818
1.575111415946	 0.141132296202
1.800127332510	 0.133438140622
2.025143249073	 0.124900721805
2.250159165637	 0.115641817161
2.475175082201	 0.105813197885
2.700190998764	 0.095586430008
2.925206915328	 0.085137408950
3.150222831892	 0.074629672851
3.375238748455	 0.064201096059
3.600254665019	 0.053957070030
3.825270581583	 0.043970631597
4.050286498147	 0.034287663556
4.275302414710	 0.024934292713
4.500318331274	 0.015924002754
4.725334247838	 0.007263099979
4.950350164401	-0.001045742949
5.175366080965	-0.009001499729
5.400381997529	-0.016603813308
5.625397914092	-0.023852571157
5.850413830656	-0.030747741147
6.075429747220	-0.037289314973
6.300445663783	-0.043477290688
6.525461580347	-0.049311667879
6.750477496911	-0.054792446468
6.975493413475	-0.059919626441
7.200509330038	-0.064693207795
7.425525246602	-0.069113190531
7.650541163166	-0.073179574647
7.875557079729	-0.076892360145
8.100572996293	-0.080251547024
8.325588912857	-0.083257135284
8.550604829420	-0.085909124926
8.775620745984	-0.088207515948
9.000636662548	-0.090152308352
9.225652579112	-0.091743502137
9.450668495675	-0.092981097303
9.675684412239	-0.093865093850
9.900700328803	-0.094395491778
10.125716245366	-0.094572291087
10.350732161930	-0.094395491778
10.575748078494	-0.093865093850
10.800763995057	-0.092981097303
11.025779911621	-0.091743502137
11.250795828185	-0.090152308352
11.475811744748	-0.088207515948
11.700827661312	-0.085909124926
11.925843577876	-0.083257135284
12.150859494440	-0.080251547024
12.375875411003	-0.076892360145
12.600891327567	-0.073179574647
12.825907244131	-0.069113190531
13.050923160694	-0.064693207795
13.275939077258	-0.059919626441
13.500954993822	-0.054792446468
13.725970910385	-0.049311667879
13.950986826949	-0.043477290688
14.176002743513	-0.037289314973
14.401018660077	-0.030747741147
14.626034576640	-0.023852571157
14.851050493204	-0.016603813308
15.076066409768	-0.009001499729
15.301082326331	-0.001045742949
15.526098242895	 0.007263099979
15.751114159459	 0.015924002754
15.976130076022	 0.024934292713
16.201145992586	 0.034287663556
16.426161909150	 0.043970631597
16.651177825713	 0.053957070030
16.876193742277	 0.064201096059
17.101209658841	 0.074629672851
17.326225575405	 0.085137408950
17.551241491968	 0.095586430008
17.776257408532	 0.105813197885
18.001273325096	 0.115641817161
18.226289241659	 0.124900721805
18.451305158223	 0.133438140622
18.676321074787	 0.141132296202
18.901336991350	 0.147894554818
19.126352907914	 0.153666394532
19.351368824478	 0.158412760085
19.576384741042	 0.162114600740
19.801400657605	 0.164762526328
20.026416574169	 0.166352351039
&
0.000000	-0.051527	-0.218409
0.225016	-0.051579	-0.217932
0.450032	-0.051754	-0.216517
0.675048	-0.051857	-0.213971
0.900064	-0.051776	-0.210189
1.125080	-0.051512	-0.205178
1.350095	-0.051314	-0.199209
1.575111	-0.051446	-0.192578
1.800127	-0.052111	-0.185549
2.025143	-0.053217	-0.178118
2.250159	-0.054498	-0.170140
2.475175	-0.055700	-0.161513
2.700191	-0.056685	-0.152272
2.925207	-0.057524	-0.142662
3.150223	-0.058304	-0.132934
3.375239	-0.059072	-0.123273
3.600255	-0.059641	-0.113599
3.825271	-0.060230	-0.104201
4.050286	-0.061481	-0.095769
4.275302	-0.064196	-0.089130
4.500318	-0.068826	-0.084750
4.725334	-0.075162	-0.082425
4.950350	-0.082805	-0.081759
5.175366	-0.091192	-0.082191
5.400382	-0.098564	-0.081960
5.625398	-0.102076	-0.078223
5.850414	-0.099326	-0.068578
6.075430	-0.089901	-0.052611
6.300446	-0.075534	-0.032057
6.525462	-0.058116	-0.008805
6.750477	-0.038659	0.016133
6.975493	-0.015876	0.044044
7.200509	0.012958	0.077651
7.425525	0.048924	0.118037
7.650541	0.090349	0.163529
7.875557	0.132436	0.209329
8.100573	0.170064	0.250315
8.325589	0.200189	0.283447
8.550605	0.223025	0.308934
8.775621	0.241001	0.329208
9.000637	0.255062	0.345214
9.225653	0.264707	0.356451
9.450668	0.268712	0.361693
9.675684	0.267186	0.361052
9.900700	0.262139	0.356534
10.125716	0.256071	0.350644
10.350732	0.250310	0.344706
10.575748	0.243730	0.337595
10.800764	0.234843	0.327824
11.025780	0.223447	0.315190
11.250796	0.210353	0.300505
11.475812	0.196221	0.284429
11.700828	0.180687	0.266596
11.925844	0.162536	0.245793
12.150859	0.139345	0.219596
12.375875	0.108364	0.185257
12.600891	0.069286	0.142465
12.825907	0.024838	0.093951
13.050923	-0.019119	0.045574
13.275939	-0.057419	0.002501
13.500955	-0.087783	-0.032991
13.725971	-0.111442	-0.062131
13.950987	-0.130550	-0.087072
14.176003	-0.144280	-0.106990
14.401019	-0.150815	-0.120067
14.626035	-0.148736	-0.124883
14.851050	-0.139448	-0.122845
15.076066	-0.126200	-0.117199
15.301082	-0.111900	-0.110854
15.526098	-0.098455	-0.105718
15.751114	-0.087141	-0.103065
15.976130	-0.079534	-0.104469
16.201146	-0.076705	-0.110993
16.426162	-0.077742	-0.121712
16.651178	-0.080530	-0.134487
16.876194	-0.083123	-0.147324
17.101210	-0.084664	-0.159294
17.326226	-0.085304	-0.170442
17.551241	-0.084741	-0.180327
17.776257	-0.082648	-0.188461
18.001273	-0.078948	-0.194590
18.226289	-0.074249	-0.199149
18.451305	-0.069327	-0.202766
18.676321	-0.064770	-0.205902
18.901337	-0.060773	-0.208667
19.126353	-0.057373	-0.211039
19.351369	-0.054752	-0.213165
19.576385	-0.053014	-0.215129
19.801401	-0.052066	-0.216828
20.026417	-0.051643	-0.217995
