   1.73644432990069      -0.352226179901971      -3.694385013392557E-019
 -5.875026714465123E-019 -2.168404344971009E-018  5.636501530265133E-019
 -2.460429356822937E-019  1.084202172485504E-018  2.356769463240955E-002
  2.896358011631359E-021  1.770123469338249E-020  1.219727444046192E-019
 -6.481831488687737E-020 -9.104743317296296E-020 -1.626303258728257E-019
   6.42343040090134      -1.380156958708099E-014  3.264510227480470E-015
  -9.50620773952036       1.020596588364250E-014 -2.366698134094677E-015
   6.42343040090133      -6.491335247105212E-015  1.021634026073102E-014
  -9.50620773952038       4.805184028455756E-015   6.42343040090133     
 -2.363533789219410E-015  4.761418426047990E-015  -9.50620773952037     
   3.63052129151878      -7.765339114416224E-015  1.790309206901305E-015
   3.63052129151878      -3.632510958695434E-015   3.63052129151878     
   1.73644432990069      -0.352226179901971      -6.424264800602821E-020
 -2.798594762872805E-019  4.336808689942018E-019 -1.539431947538176E-018
  2.460434454421096E-019 -1.951563910473908E-018  2.356769463240955E-002
 -9.776368909792336E-020 -1.770112023187400E-020  0.000000000000000E+000
  6.481815346763983E-020  9.104732115971390E-020  1.626303258728257E-019
   6.42343040090133      -1.377381402041423E-014  3.278388021398979E-015
  -9.50620773952037       1.018514921007380E-014 -2.366698142625217E-015
   6.42343040090134      -6.519090822720841E-015  1.021634026560561E-014
  -9.50620773952037       4.777428452840127E-015   6.42343040090134     
 -2.363533798796048E-015  4.775296215554948E-015  -9.50620773952037     
   3.63052129151878      -7.765339122190455E-015  1.811125895111330E-015
   3.63052129151878      -3.642919299551295E-015   3.63052129151878     
