   600
     1    0.000000    0.000000   -0.745706       0.001000
     2   -0.093213    0.093213   -0.652493       0.001000
     3   -0.186427    0.186427   -0.559280       0.001000
     4   -0.279640    0.279640   -0.466067       0.001000
     5   -0.372853    0.372853   -0.372853       0.001000
     6   -0.466067    0.466067   -0.279640       0.001000
     7   -0.559280    0.559280   -0.186427       0.001000
     8   -0.652493    0.652493   -0.093213       0.001000
     9   -0.745706    0.745706    0.000000       0.001000
    10   -0.838920    0.838920    0.093213       0.001000
    11    0.093213   -0.093213   -0.652493       0.001000
    12    0.000000   -0.000000   -0.559280       0.001000
    13   -0.093213    0.093213   -0.466067       0.001000
    14   -0.186427    0.186427   -0.372853       0.001000
    15   -0.279640    0.279640   -0.279640       0.001000
    16   -0.372853    0.372853   -0.186427       0.001000
    17   -0.466067    0.466067   -0.093213       0.001000
    18   -0.559280    0.559280    0.000000       0.001000
    19   -0.652493    0.652493    0.093213       0.001000
    20   -0.745706    0.745706    0.186427       0.001000
    21    0.186427   -0.186427   -0.559280       0.001000
    22    0.093213   -0.093213   -0.466067       0.001000
    23    0.000000    0.000000   -0.372853       0.001000
    24   -0.093213    0.093213   -0.279640       0.001000
    25   -0.186427    0.186427   -0.186427       0.001000
    26   -0.279640    0.279640   -0.093213       0.001000
    27   -0.372853    0.372853    0.000000       0.001000
    28   -0.466067    0.466067    0.093213       0.001000
    29   -0.559280    0.559280    0.186427       0.001000
    30   -0.652493    0.652493    0.279640       0.001000
    31    0.279640   -0.279640   -0.466067       0.001000
    32    0.186427   -0.186427   -0.372853       0.001000
    33    0.093213   -0.093213   -0.279640       0.001000
    34    0.000000    0.000000   -0.186427       0.001000
    35   -0.093213    0.093213   -0.093213       0.001000
    36   -0.186427    0.186427    0.000000       0.001000
    37   -0.279640    0.279640    0.093213       0.001000
    38   -0.372853    0.372853    0.186427       0.001000
    39   -0.466067    0.466067    0.279640       0.001000
    40   -0.559280    0.559280    0.372853       0.001000
    41    0.372853   -0.372853   -0.372853       0.001000
    42    0.279640   -0.279640   -0.279640       0.001000
    43    0.186427   -0.186427   -0.186427       0.001000
    44    0.093213   -0.093213   -0.093213       0.001000
    45    0.000000    0.000000    0.000000       0.001000
    46   -0.093213    0.093213    0.093213       0.001000
    47   -0.186427    0.186427    0.186427       0.001000
    48   -0.279640    0.279640    0.279640       0.001000
    49   -0.372853    0.372853    0.372853       0.001000
    50   -0.466067    0.466067    0.466067       0.001000
    51    0.466067   -0.466067   -0.279640       0.001000
    52    0.372853   -0.372853   -0.186427       0.001000
    53    0.279640   -0.279640   -0.093213       0.001000
    54    0.186427   -0.186427    0.000000       0.001000
    55    0.093213   -0.093213    0.093213       0.001000
    56    0.000000    0.000000    0.186427       0.001000
    57   -0.093213    0.093213    0.279640       0.001000
    58   -0.186427    0.186427    0.372853       0.001000
    59   -0.279640    0.279640    0.466067       0.001000
    60   -0.372853    0.372853    0.559280       0.001000
    61    0.559280   -0.559280   -0.186427       0.001000
    62    0.466067   -0.466067   -0.093213       0.001000
    63    0.372853   -0.372853    0.000000       0.001000
    64    0.279640   -0.279640    0.093213       0.001000
    65    0.186427   -0.186427    0.186427       0.001000
    66    0.093213   -0.093213    0.279640       0.001000
    67    0.000000    0.000000    0.372853       0.001000
    68   -0.093213    0.093213    0.466067       0.001000
    69   -0.186427    0.186427    0.559280       0.001000
    70   -0.279640    0.279640    0.652493       0.001000
    71    0.652493   -0.652493   -0.093213       0.001000
    72    0.559280   -0.559280   -0.000000       0.001000
    73    0.466067   -0.466067    0.093213       0.001000
    74    0.372853   -0.372853    0.186427       0.001000
    75    0.279640   -0.279640    0.279640       0.001000
    76    0.186427   -0.186427    0.372853       0.001000
    77    0.093213   -0.093213    0.466067       0.001000
    78   -0.000000    0.000000    0.559280       0.001000
    79   -0.093213    0.093213    0.652493       0.001000
    80   -0.186427    0.186427    0.745706       0.001000
    81    0.745706   -0.745706    0.000000       0.001000
    82    0.652493   -0.652493    0.093213       0.001000
    83    0.559280   -0.559280    0.186427       0.001000
    84    0.466067   -0.466067    0.279640       0.001000
    85    0.372853   -0.372853    0.372853       0.001000
    86    0.279640   -0.279640    0.466067       0.001000
    87    0.186427   -0.186427    0.559280       0.001000
    88    0.093213   -0.093213    0.652493       0.001000
    89    0.000000    0.000000    0.745706       0.001000
    90   -0.093213    0.093213    0.838920       0.001000
    91    0.838920   -0.838920    0.093213       0.001000
    92    0.745706   -0.745706    0.186427       0.001000
    93    0.652493   -0.652493    0.279640       0.001000
    94    0.559280   -0.559280    0.372853       0.001000
    95    0.466067   -0.466067    0.466067       0.001000
    96    0.372853   -0.372853    0.559280       0.001000
    97    0.279640   -0.279640    0.652493       0.001000
    98    0.186427   -0.186427    0.745706       0.001000
    99    0.093213   -0.093213    0.838920       0.001000
   100    0.000000   -0.000000    0.932133       0.001000
   101    0.093213    0.093213   -0.838920       0.002000
   102    0.000000    0.186427   -0.745706       0.002000
   103   -0.093213    0.279640   -0.652493       0.002000
   104   -0.186427    0.372853   -0.559280       0.002000
   105   -0.279640    0.466067   -0.466067       0.002000
   106   -0.372853    0.559280   -0.372853       0.002000
   107   -0.466067    0.652493   -0.279640       0.002000
   108   -0.559280    0.745706   -0.186427       0.002000
   109   -0.652493    0.838920   -0.093213       0.002000
   110   -0.745706    0.932133    0.000000       0.002000
   111    0.186427   -0.000000   -0.745706       0.002000
   112    0.093213    0.093213   -0.652493       0.002000
   113    0.000000    0.186427   -0.559280       0.002000
   114   -0.093213    0.279640   -0.466067       0.002000
   115   -0.186427    0.372853   -0.372853       0.002000
   116   -0.279640    0.466067   -0.279640       0.002000
   117   -0.372853    0.559280   -0.186427       0.002000
   118   -0.466067    0.652493   -0.093213       0.002000
   119   -0.559280    0.745706    0.000000       0.002000
   120   -0.652493    0.838920    0.093213       0.002000
   121    0.279640   -0.093213   -0.652493       0.002000
   122    0.186427    0.000000   -0.559280       0.002000
   123    0.093213    0.093213   -0.466067       0.002000
   124    0.000000    0.186427   -0.372853       0.002000
   125   -0.093213    0.279640   -0.279640       0.002000
   126   -0.186427    0.372853   -0.186427       0.002000
   127   -0.279640    0.466067   -0.093213       0.002000
   128   -0.372853    0.559280    0.000000       0.002000
   129   -0.466067    0.652493    0.093213       0.002000
   130   -0.559280    0.745706    0.186427       0.002000
   131    0.372853   -0.186427   -0.559280       0.002000
   132    0.279640   -0.093213   -0.466067       0.002000
   133    0.186427    0.000000   -0.372853       0.002000
   134    0.093213    0.093213   -0.279640       0.002000
   135    0.000000    0.186427   -0.186427       0.002000
   136   -0.093213    0.279640   -0.093213       0.002000
   137   -0.186427    0.372853    0.000000       0.002000
   138   -0.279640    0.466067    0.093213       0.002000
   139   -0.372853    0.559280    0.186427       0.002000
   140   -0.466067    0.652493    0.279640       0.002000
   141    0.466067   -0.279640   -0.466067       0.002000
   142    0.372853   -0.186427   -0.372853       0.002000
   143    0.279640   -0.093213   -0.279640       0.002000
   144    0.186427    0.000000   -0.186427       0.002000
   145    0.093213    0.093213   -0.093213       0.002000
   146    0.000000    0.186427    0.000000       0.002000
   147   -0.093213    0.279640    0.093213       0.002000
   148   -0.186427    0.372853    0.186427       0.002000
   149   -0.279640    0.466067    0.279640       0.002000
   150   -0.372853    0.559280    0.372853       0.002000
   151    0.559280   -0.372853   -0.372853       0.002000
   152    0.466067   -0.279640   -0.279640       0.002000
   153    0.372853   -0.186427   -0.186427       0.002000
   154    0.279640   -0.093213   -0.093213       0.002000
   155    0.186427    0.000000    0.000000       0.002000
   156    0.093213    0.093213    0.093213       0.002000
   157    0.000000    0.186427    0.186427       0.002000
   158   -0.093213    0.279640    0.279640       0.002000
   159   -0.186427    0.372853    0.372853       0.002000
   160   -0.279640    0.466067    0.466067       0.002000
   161    0.652493   -0.466067   -0.279640       0.002000
   162    0.559280   -0.372853   -0.186427       0.002000
   163    0.466067   -0.279640   -0.093213       0.002000
   164    0.372853   -0.186427    0.000000       0.002000
   165    0.279640   -0.093213    0.093213       0.002000
   166    0.186427    0.000000    0.186427       0.002000
   167    0.093213    0.093213    0.279640       0.002000
   168    0.000000    0.186427    0.372853       0.002000
   169   -0.093213    0.279640    0.466067       0.002000
   170   -0.186427    0.372853    0.559280       0.002000
   171    0.745706   -0.559280   -0.186427       0.002000
   172    0.652493   -0.466067   -0.093213       0.002000
   173    0.559280   -0.372853   -0.000000       0.002000
   174    0.466067   -0.279640    0.093213       0.002000
   175    0.372853   -0.186427    0.186427       0.002000
   176    0.279640   -0.093213    0.279640       0.002000
   177    0.186427    0.000000    0.372853       0.002000
   178    0.093213    0.093213    0.466067       0.002000
   179   -0.000000    0.186427    0.559280       0.002000
   180   -0.093213    0.279640    0.652493       0.002000
   181    0.838920   -0.652493   -0.093213       0.002000
   182    0.745706   -0.559280    0.000000       0.002000
   183    0.652493   -0.466067    0.093213       0.002000
   184    0.559280   -0.372853    0.186427       0.002000
   185    0.466067   -0.279640    0.279640       0.002000
   186    0.372853   -0.186427    0.372853       0.002000
   187    0.279640   -0.093213    0.466067       0.002000
   188    0.186427    0.000000    0.559280       0.002000
   189    0.093213    0.093213    0.652493       0.002000
   190    0.000000    0.186427    0.745706       0.002000
   191    0.932133   -0.745706    0.000000       0.002000
   192    0.838920   -0.652493    0.093213       0.002000
   193    0.745706   -0.559280    0.186427       0.002000
   194    0.652493   -0.466067    0.279640       0.002000
   195    0.559280   -0.372853    0.372853       0.002000
   196    0.466067   -0.279640    0.466067       0.002000
   197    0.372853   -0.186427    0.559280       0.002000
   198    0.279640   -0.093213    0.652493       0.002000
   199    0.186427   -0.000000    0.745706       0.002000
   200    0.093213    0.093213    0.838920       0.002000
   201    0.186427    0.186427   -0.932133       0.002000
   202    0.093213    0.279640   -0.838920       0.002000
   203    0.000000    0.372853   -0.745706       0.002000
   204   -0.093213    0.466067   -0.652493       0.002000
   205   -0.186427    0.559280   -0.559280       0.002000
   206   -0.279640    0.652493   -0.466067       0.002000
   207   -0.372853    0.745706   -0.372853       0.002000
   208   -0.466067    0.838920   -0.279640       0.002000
   209   -0.559280    0.932133   -0.186427       0.002000
   210   -0.652493    1.025346   -0.093213       0.002000
   211    0.279640    0.093213   -0.838920       0.002000
   212    0.186427    0.186427   -0.745706       0.002000
   213    0.093213    0.279640   -0.652493       0.002000
   214    0.000000    0.372853   -0.559280       0.002000
   215   -0.093213    0.466067   -0.466067       0.002000
   216   -0.186427    0.559280   -0.372853       0.002000
   217   -0.279640    0.652493   -0.279640       0.002000
   218   -0.372853    0.745706   -0.186427       0.002000
   219   -0.466067    0.838920   -0.093213       0.002000
   220   -0.559280    0.932133    0.000000       0.002000
   221    0.372853    0.000000   -0.745706       0.002000
   222    0.279640    0.093213   -0.652493       0.002000
   223    0.186427    0.186427   -0.559280       0.002000
   224    0.093213    0.279640   -0.466067       0.002000
   225    0.000000    0.372853   -0.372853       0.002000
   226   -0.093213    0.466067   -0.279640       0.002000
   227   -0.186427    0.559280   -0.186427       0.002000
   228   -0.279640    0.652493   -0.093213       0.002000
   229   -0.372853    0.745706    0.000000       0.002000
   230   -0.466067    0.838920    0.093213       0.002000
   231    0.466067   -0.093213   -0.652493       0.002000
   232    0.372853    0.000000   -0.559280       0.002000
   233    0.279640    0.093213   -0.466067       0.002000
   234    0.186427    0.186427   -0.372853       0.002000
   235    0.093213    0.279640   -0.279640       0.002000
   236    0.000000    0.372853   -0.186427       0.002000
   237   -0.093213    0.466067   -0.093213       0.002000
   238   -0.186427    0.559280    0.000000       0.002000
   239   -0.279640    0.652493    0.093213       0.002000
   240   -0.372853    0.745706    0.186427       0.002000
   241    0.559280   -0.186427   -0.559280       0.002000
   242    0.466067   -0.093213   -0.466067       0.002000
   243    0.372853    0.000000   -0.372853       0.002000
   244    0.279640    0.093213   -0.279640       0.002000
   245    0.186427    0.186427   -0.186427       0.002000
   246    0.093213    0.279640   -0.093213       0.002000
   247    0.000000    0.372853    0.000000       0.002000
   248   -0.093213    0.466067    0.093213       0.002000
   249   -0.186427    0.559280    0.186427       0.002000
   250   -0.279640    0.652493    0.279640       0.002000
   251    0.652493   -0.279640   -0.466067       0.002000
   252    0.559280   -0.186427   -0.372853       0.002000
   253    0.466067   -0.093213   -0.279640       0.002000
   254    0.372853    0.000000   -0.186427       0.002000
   255    0.279640    0.093213   -0.093213       0.002000
   256    0.186427    0.186427    0.000000       0.002000
   257    0.093213    0.279640    0.093213       0.002000
   258    0.000000    0.372853    0.186427       0.002000
   259   -0.093213    0.466067    0.279640       0.002000
   260   -0.186427    0.559280    0.372853       0.002000
   261    0.745706   -0.372853   -0.372853       0.002000
   262    0.652493   -0.279640   -0.279640       0.002000
   263    0.559280   -0.186427   -0.186427       0.002000
   264    0.466067   -0.093213   -0.093213       0.002000
   265    0.372853    0.000000    0.000000       0.002000
   266    0.279640    0.093213    0.093213       0.002000
   267    0.186427    0.186427    0.186427       0.002000
   268    0.093213    0.279640    0.279640       0.002000
   269    0.000000    0.372853    0.372853       0.002000
   270   -0.093213    0.466067    0.466067       0.002000
   271    0.838920   -0.466067   -0.279640       0.002000
   272    0.745706   -0.372853   -0.186427       0.002000
   273    0.652493   -0.279640   -0.093213       0.002000
   274    0.559280   -0.186427   -0.000000       0.002000
   275    0.466067   -0.093213    0.093213       0.002000
   276    0.372853    0.000000    0.186427       0.002000
   277    0.279640    0.093213    0.279640       0.002000
   278    0.186427    0.186427    0.372853       0.002000
   279    0.093213    0.279640    0.466067       0.002000
   280   -0.000000    0.372853    0.559280       0.002000
   281    0.932133   -0.559280   -0.186427       0.002000
   282    0.838920   -0.466067   -0.093213       0.002000
   283    0.745706   -0.372853    0.000000       0.002000
   284    0.652493   -0.279640    0.093213       0.002000
   285    0.559280   -0.186427    0.186427       0.002000
   286    0.466067   -0.093213    0.279640       0.002000
   287    0.372853    0.000000    0.372853       0.002000
   288    0.279640    0.093213    0.466067       0.002000
   289    0.186427    0.186427    0.559280       0.002000
   290    0.093213    0.279640    0.652493       0.002000
   291    1.025346   -0.652493   -0.093213       0.002000
   292    0.932133   -0.559280    0.000000       0.002000
   293    0.838920   -0.466067    0.093213       0.002000
   294    0.745706   -0.372853    0.186427       0.002000
   295    0.652493   -0.279640    0.279640       0.002000
   296    0.559280   -0.186427    0.372853       0.002000
   297    0.466067   -0.093213    0.466067       0.002000
   298    0.372853   -0.000000    0.559280       0.002000
   299    0.279640    0.093213    0.652493       0.002000
   300    0.186427    0.186427    0.745706       0.002000
   301    0.279640    0.279640   -1.025346       0.002000
   302    0.186427    0.372853   -0.932133       0.002000
   303    0.093213    0.466067   -0.838920       0.002000
   304    0.000000    0.559280   -0.745706       0.002000
   305   -0.093213    0.652493   -0.652493       0.002000
   306   -0.186427    0.745706   -0.559280       0.002000
   307   -0.279640    0.838920   -0.466067       0.002000
   308   -0.372853    0.932133   -0.372853       0.002000
   309   -0.466067    1.025346   -0.279640       0.002000
   310   -0.559280    1.118560   -0.186427       0.002000
   311    0.372853    0.186427   -0.932133       0.002000
   312    0.279640    0.279640   -0.838920       0.002000
   313    0.186427    0.372853   -0.745706       0.002000
   314    0.093213    0.466067   -0.652493       0.002000
   315    0.000000    0.559280   -0.559280       0.002000
   316   -0.093213    0.652493   -0.466067       0.002000
   317   -0.186427    0.745706   -0.372853       0.002000
   318   -0.279640    0.838920   -0.279640       0.002000
   319   -0.372853    0.932133   -0.186427       0.002000
   320   -0.466067    1.025346   -0.093213       0.002000
   321    0.466067    0.093213   -0.838920       0.002000
   322    0.372853    0.186427   -0.745706       0.002000
   323    0.279640    0.279640   -0.652493       0.002000
   324    0.186427    0.372853   -0.559280       0.002000
   325    0.093213    0.466067   -0.466067       0.002000
   326    0.000000    0.559280   -0.372853       0.002000
   327   -0.093213    0.652493   -0.279640       0.002000
   328   -0.186427    0.745706   -0.186427       0.002000
   329   -0.279640    0.838920   -0.093213       0.002000
   330   -0.372853    0.932133   -0.000000       0.002000
   331    0.559280    0.000000   -0.745706       0.002000
   332    0.466067    0.093213   -0.652493       0.002000
   333    0.372853    0.186427   -0.559280       0.002000
   334    0.279640    0.279640   -0.466067       0.002000
   335    0.186427    0.372853   -0.372853       0.002000
   336    0.093213    0.466067   -0.279640       0.002000
   337    0.000000    0.559280   -0.186427       0.002000
   338   -0.093213    0.652493   -0.093213       0.002000
   339   -0.186427    0.745706   -0.000000       0.002000
   340   -0.279640    0.838920    0.093213       0.002000
   341    0.652493   -0.093213   -0.652493       0.002000
   342    0.559280    0.000000   -0.559280       0.002000
   343    0.466067    0.093213   -0.466067       0.002000
   344    0.372853    0.186427   -0.372853       0.002000
   345    0.279640    0.279640   -0.279640       0.002000
   346    0.186427    0.372853   -0.186427       0.002000
   347    0.093213    0.466067   -0.093213       0.002000
   348    0.000000    0.559280   -0.000000       0.002000
   349   -0.093213    0.652493    0.093213       0.002000
   350   -0.186427    0.745706    0.186427       0.002000
   351    0.745706   -0.186427   -0.559280       0.002000
   352    0.652493   -0.093213   -0.466067       0.002000
   353    0.559280    0.000000   -0.372853       0.002000
   354    0.466067    0.093213   -0.279640       0.002000
   355    0.372853    0.186427   -0.186427       0.002000
   356    0.279640    0.279640   -0.093213       0.002000
   357    0.186427    0.372853   -0.000000       0.002000
   358    0.093213    0.466067    0.093213       0.002000
   359    0.000000    0.559280    0.186427       0.002000
   360   -0.093213    0.652493    0.279640       0.002000
   361    0.838920   -0.279640   -0.466067       0.002000
   362    0.745706   -0.186427   -0.372853       0.002000
   363    0.652493   -0.093213   -0.279640       0.002000
   364    0.559280    0.000000   -0.186427       0.002000
   365    0.466067    0.093213   -0.093213       0.002000
   366    0.372853    0.186427   -0.000000       0.002000
   367    0.279640    0.279640    0.093213       0.002000
   368    0.186427    0.372853    0.186427       0.002000
   369    0.093213    0.466067    0.279640       0.002000
   370    0.000000    0.559280    0.372853       0.002000
   371    0.932133   -0.372853   -0.372853       0.002000
   372    0.838920   -0.279640   -0.279640       0.002000
   373    0.745706   -0.186427   -0.186427       0.002000
   374    0.652493   -0.093213   -0.093213       0.002000
   375    0.559280    0.000000   -0.000000       0.002000
   376    0.466067    0.093213    0.093213       0.002000
   377    0.372853    0.186427    0.186427       0.002000
   378    0.279640    0.279640    0.279640       0.002000
   379    0.186427    0.372853    0.372853       0.002000
   380    0.093213    0.466067    0.466067       0.002000
   381    1.025346   -0.466067   -0.279640       0.002000
   382    0.932133   -0.372853   -0.186427       0.002000
   383    0.838920   -0.279640   -0.093213       0.002000
   384    0.745706   -0.186427   -0.000000       0.002000
   385    0.652493   -0.093213    0.093213       0.002000
   386    0.559280    0.000000    0.186427       0.002000
   387    0.466067    0.093213    0.279640       0.002000
   388    0.372853    0.186427    0.372853       0.002000
   389    0.279640    0.279640    0.466067       0.002000
   390    0.186427    0.372853    0.559280       0.002000
   391    1.118560   -0.559280   -0.186427       0.002000
   392    1.025346   -0.466067   -0.093213       0.002000
   393    0.932133   -0.372853    0.000000       0.002000
   394    0.838920   -0.279640    0.093213       0.002000
   395    0.745706   -0.186427    0.186427       0.002000
   396    0.652493   -0.093213    0.279640       0.002000
   397    0.559280   -0.000000    0.372853       0.002000
   398    0.466067    0.093213    0.466067       0.002000
   399    0.372853    0.186427    0.559280       0.002000
   400    0.279640    0.279640    0.652493       0.002000
   401    0.372853    0.372853   -1.118560       0.002000
   402    0.279640    0.466067   -1.025346       0.002000
   403    0.186427    0.559280   -0.932133       0.002000
   404    0.093213    0.652493   -0.838920       0.002000
   405    0.000000    0.745706   -0.745706       0.002000
   406   -0.093213    0.838920   -0.652493       0.002000
   407   -0.186427    0.932133   -0.559280       0.002000
   408   -0.279640    1.025346   -0.466067       0.002000
   409   -0.372853    1.118560   -0.372853       0.002000
   410   -0.466067    1.211773   -0.279640       0.002000
   411    0.466067    0.279640   -1.025346       0.002000
   412    0.372853    0.372853   -0.932133       0.002000
   413    0.279640    0.466067   -0.838920       0.002000
   414    0.186427    0.559280   -0.745706       0.002000
   415    0.093213    0.652493   -0.652493       0.002000
   416    0.000000    0.745706   -0.559280       0.002000
   417   -0.093213    0.838920   -0.466067       0.002000
   418   -0.186427    0.932133   -0.372853       0.002000
   419   -0.279640    1.025346   -0.279640       0.002000
   420   -0.372853    1.118560   -0.186427       0.002000
   421    0.559280    0.186427   -0.932133       0.002000
   422    0.466067    0.279640   -0.838920       0.002000
   423    0.372853    0.372853   -0.745706       0.002000
   424    0.279640    0.466067   -0.652493       0.002000
   425    0.186427    0.559280   -0.559280       0.002000
   426    0.093213    0.652493   -0.466067       0.002000
   427    0.000000    0.745706   -0.372853       0.002000
   428   -0.093213    0.838920   -0.279640       0.002000
   429   -0.186427    0.932133   -0.186427       0.002000
   430   -0.279640    1.025346   -0.093213       0.002000
   431    0.652493    0.093213   -0.838920       0.002000
   432    0.559280    0.186427   -0.745706       0.002000
   433    0.466067    0.279640   -0.652493       0.002000
   434    0.372853    0.372853   -0.559280       0.002000
   435    0.279640    0.466067   -0.466067       0.002000
   436    0.186427    0.559280   -0.372853       0.002000
   437    0.093213    0.652493   -0.279640       0.002000
   438    0.000000    0.745706   -0.186427       0.002000
   439   -0.093213    0.838920   -0.093213       0.002000
   440   -0.186427    0.932133    0.000000       0.002000
   441    0.745706    0.000000   -0.745706       0.002000
   442    0.652493    0.093213   -0.652493       0.002000
   443    0.559280    0.186427   -0.559280       0.002000
   444    0.466067    0.279640   -0.466067       0.002000
   445    0.372853    0.372853   -0.372853       0.002000
   446    0.279640    0.466067   -0.279640       0.002000
   447    0.186427    0.559280   -0.186427       0.002000
   448    0.093213    0.652493   -0.093213       0.002000
   449    0.000000    0.745706    0.000000       0.002000
   450   -0.093213    0.838920    0.093213       0.002000
   451    0.838920   -0.093213   -0.652493       0.002000
   452    0.745706    0.000000   -0.559280       0.002000
   453    0.652493    0.093213   -0.466067       0.002000
   454    0.559280    0.186427   -0.372853       0.002000
   455    0.466067    0.279640   -0.279640       0.002000
   456    0.372853    0.372853   -0.186427       0.002000
   457    0.279640    0.466067   -0.093213       0.002000
   458    0.186427    0.559280    0.000000       0.002000
   459    0.093213    0.652493    0.093213       0.002000
   460    0.000000    0.745706    0.186427       0.002000
   461    0.932133   -0.186427   -0.559280       0.002000
   462    0.838920   -0.093213   -0.466067       0.002000
   463    0.745706    0.000000   -0.372853       0.002000
   464    0.652493    0.093213   -0.279640       0.002000
   465    0.559280    0.186427   -0.186427       0.002000
   466    0.466067    0.279640   -0.093213       0.002000
   467    0.372853    0.372853    0.000000       0.002000
   468    0.279640    0.466067    0.093213       0.002000
   469    0.186427    0.559280    0.186427       0.002000
   470    0.093213    0.652493    0.279640       0.002000
   471    1.025346   -0.279640   -0.466067       0.002000
   472    0.932133   -0.186427   -0.372853       0.002000
   473    0.838920   -0.093213   -0.279640       0.002000
   474    0.745706    0.000000   -0.186427       0.002000
   475    0.652493    0.093213   -0.093213       0.002000
   476    0.559280    0.186427    0.000000       0.002000
   477    0.466067    0.279640    0.093213       0.002000
   478    0.372853    0.372853    0.186427       0.002000
   479    0.279640    0.466067    0.279640       0.002000
   480    0.186427    0.559280    0.372853       0.002000
   481    1.118560   -0.372853   -0.372853       0.002000
   482    1.025346   -0.279640   -0.279640       0.002000
   483    0.932133   -0.186427   -0.186427       0.002000
   484    0.838920   -0.093213   -0.093213       0.002000
   485    0.745706    0.000000    0.000000       0.002000
   486    0.652493    0.093213    0.093213       0.002000
   487    0.559280    0.186427    0.186427       0.002000
   488    0.466067    0.279640    0.279640       0.002000
   489    0.372853    0.372853    0.372853       0.002000
   490    0.279640    0.466067    0.466067       0.002000
   491    1.211773   -0.466067   -0.279640       0.002000
   492    1.118560   -0.372853   -0.186427       0.002000
   493    1.025346   -0.279640   -0.093213       0.002000
   494    0.932133   -0.186427    0.000000       0.002000
   495    0.838920   -0.093213    0.093213       0.002000
   496    0.745706    0.000000    0.186427       0.002000
   497    0.652493    0.093213    0.279640       0.002000
   498    0.559280    0.186427    0.372853       0.002000
   499    0.466067    0.279640    0.466067       0.002000
   500    0.372853    0.372853    0.559280       0.002000
   501    0.466067    0.466067   -1.211773       0.001000
   502    0.372853    0.559280   -1.118560       0.001000
   503    0.279640    0.652493   -1.025346       0.001000
   504    0.186427    0.745706   -0.932133       0.001000
   505    0.093213    0.838920   -0.838920       0.001000
   506   -0.000000    0.932133   -0.745706       0.001000
   507   -0.093213    1.025346   -0.652493       0.001000
   508   -0.186427    1.118560   -0.559280       0.001000
   509   -0.279640    1.211773   -0.466067       0.001000
   510   -0.372853    1.304986   -0.372853       0.001000
   511    0.559280    0.372853   -1.118560       0.001000
   512    0.466067    0.466067   -1.025346       0.001000
   513    0.372853    0.559280   -0.932133       0.001000
   514    0.279640    0.652493   -0.838920       0.001000
   515    0.186427    0.745706   -0.745706       0.001000
   516    0.093213    0.838920   -0.652493       0.001000
   517    0.000000    0.932133   -0.559280       0.001000
   518   -0.093213    1.025346   -0.466067       0.001000
   519   -0.186427    1.118560   -0.372853       0.001000
   520   -0.279640    1.211773   -0.279640       0.001000
   521    0.652493    0.279640   -1.025346       0.001000
   522    0.559280    0.372853   -0.932133       0.001000
   523    0.466067    0.466067   -0.838920       0.001000
   524    0.372853    0.559280   -0.745706       0.001000
   525    0.279640    0.652493   -0.652493       0.001000
   526    0.186427    0.745706   -0.559280       0.001000
   527    0.093213    0.838920   -0.466067       0.001000
   528   -0.000000    0.932133   -0.372853       0.001000
   529   -0.093213    1.025346   -0.279640       0.001000
   530   -0.186427    1.118560   -0.186427       0.001000
   531    0.745706    0.186427   -0.932133       0.001000
   532    0.652493    0.279640   -0.838920       0.001000
   533    0.559280    0.372853   -0.745706       0.001000
   534    0.466067    0.466067   -0.652493       0.001000
   535    0.372853    0.559280   -0.559280       0.001000
   536    0.279640    0.652493   -0.466067       0.001000
   537    0.186427    0.745706   -0.372853       0.001000
   538    0.093213    0.838920   -0.279640       0.001000
   539   -0.000000    0.932133   -0.186427       0.001000
   540   -0.093213    1.025346   -0.093213       0.001000
   541    0.838920    0.093213   -0.838920       0.001000
   542    0.745706    0.186427   -0.745706       0.001000
   543    0.652493    0.279640   -0.652493       0.001000
   544    0.559280    0.372853   -0.559280       0.001000
   545    0.466067    0.466067   -0.466067       0.001000
   546    0.372853    0.559280   -0.372853       0.001000
   547    0.279640    0.652493   -0.279640       0.001000
   548    0.186427    0.745706   -0.186427       0.001000
   549    0.093213    0.838920   -0.093213       0.001000
   550   -0.000000    0.932133    0.000000       0.001000
   551    0.932133   -0.000000   -0.745706       0.001000
   552    0.838920    0.093213   -0.652493       0.001000
   553    0.745706    0.186427   -0.559280       0.001000
   554    0.652493    0.279640   -0.466067       0.001000
   555    0.559280    0.372853   -0.372853       0.001000
   556    0.466067    0.466067   -0.279640       0.001000
   557    0.372853    0.559280   -0.186427       0.001000
   558    0.279640    0.652493   -0.093213       0.001000
   559    0.186427    0.745706    0.000000       0.001000
   560    0.093213    0.838920    0.093213       0.001000
   561    1.025346   -0.093213   -0.652493       0.001000
   562    0.932133   -0.000000   -0.559280       0.001000
   563    0.838920    0.093213   -0.466067       0.001000
   564    0.745706    0.186427   -0.372853       0.001000
   565    0.652493    0.279640   -0.279640       0.001000
   566    0.559280    0.372853   -0.186427       0.001000
   567    0.466067    0.466067   -0.093213       0.001000
   568    0.372853    0.559280    0.000000       0.001000
   569    0.279640    0.652493    0.093213       0.001000
   570    0.186427    0.745706    0.186427       0.001000
   571    1.118560   -0.186427   -0.559280       0.001000
   572    1.025346   -0.093213   -0.466067       0.001000
   573    0.932133    0.000000   -0.372853       0.001000
   574    0.838920    0.093213   -0.279640       0.001000
   575    0.745706    0.186427   -0.186427       0.001000
   576    0.652493    0.279640   -0.093213       0.001000
   577    0.559280    0.372853   -0.000000       0.001000
   578    0.466067    0.466067    0.093213       0.001000
   579    0.372853    0.559280    0.186427       0.001000
   580    0.279640    0.652493    0.279640       0.001000
   581    1.211773   -0.279640   -0.466067       0.001000
   582    1.118560   -0.186427   -0.372853       0.001000
   583    1.025346   -0.093213   -0.279640       0.001000
   584    0.932133   -0.000000   -0.186427       0.001000
   585    0.838920    0.093213   -0.093213       0.001000
   586    0.745706    0.186427    0.000000       0.001000
   587    0.652493    0.279640    0.093213       0.001000
   588    0.559280    0.372853    0.186427       0.001000
   589    0.466067    0.466067    0.279640       0.001000
   590    0.372853    0.559280    0.372853       0.001000
   591    1.304986   -0.372853   -0.372853       0.001000
   592    1.211773   -0.279640   -0.279640       0.001000
   593    1.118560   -0.186427   -0.186427       0.001000
   594    1.025346   -0.093213   -0.093213       0.001000
   595    0.932133   -0.000000    0.000000       0.001000
   596    0.838920    0.093213    0.093213       0.001000
   597    0.745706    0.186427    0.186427       0.001000
   598    0.652493    0.279640    0.279640       0.001000
   599    0.559280    0.372853    0.372853       0.001000
   600    0.466067    0.466067    0.466067       0.001000
