0.000000000000	-0.190235764964
0.225015916564	-0.188409393210
0.450031833127	-0.183124860458
0.675047749691	-0.174911027090
0.900063666255	-0.164491363331
1.125079582818	-0.152619038051
1.350095499382	-0.139946415415
1.575111415946	-0.126960125479
1.800127332510	-0.113978154548
2.025143249073	-0.101184287203
2.250159165637	-0.088673039637
2.475175082201	-0.076487835769
2.700190998764	-0.064646547980
2.925206915328	-0.053155779223
3.150222831892	-0.042017722540
3.375238748455	-0.031233033479
3.600254665019	-0.020801888562
3.825270581583	-0.010724330636
4.050286498147	-0.001000369083
4.275302414710	 0.008369994244
4.500318331274	 0.017386759014
4.725334247838	 0.026049925175
4.950350164401	 0.034359492717
5.175366080965	 0.042315461641
5.400381997529	 0.049917831946
5.625397914092	 0.057166603632
5.850413830656	 0.064061776700
6.075429747220	 0.070603351148
6.300445663783	 0.076791326978
6.525461580347	 0.082625704189
6.750477496911	 0.088106482781
6.975493413475	 0.093233662754
7.200509330038	 0.098007244108
7.425525246602	 0.102427226844
7.650541163166	 0.106493610961
7.875557079729	 0.110206396458
8.100572996293	 0.113565583337
8.325588912857	 0.116571171598
8.550604829420	 0.119223161239
8.775620745984	 0.121521552261
9.000636662548	 0.123466344665
9.225652579112	 0.125057538450
9.450668495675	 0.126295133616
9.675684412239	 0.127179130163
9.900700328803	 0.127709528091
10.125716245366	 0.127886327400
10.350732161930	 0.127709528091
10.575748078494	 0.127179130163
10.800763995057	 0.126295133616
11.025779911621	 0.125057538450
11.250795828185	 0.123466344665
11.475811744748	 0.121521552261
11.700827661312	 0.119223161239
11.925843577876	 0.116571171598
12.150859494440	 0.113565583337
12.375875411003	 0.110206396458
12.600891327567	 0.106493610961
12.825907244131	 0.102427226844
13.050923160694	 0.098007244108
13.275939077258	 0.093233662754
13.500954993822	 0.088106482781
13.725970910385	 0.082625704189
13.950986826949	 0.076791326978
14.176002743513	 0.070603351148
14.401018660077	 0.064061776700
14.626034576640	 0.057166603632
14.851050493204	 0.049917831946
15.076066409768	 0.042315461641
15.301082326331	 0.034359492717
15.526098242895	 0.026049925175
15.751114159459	 0.017386759014
15.976130076022	 0.008369994244
16.201145992586	-0.001000369083
16.426161909150	-0.010724330636
16.651177825713	-0.020801888562
16.876193742277	-0.031233033479
17.101209658841	-0.042017722540
17.326225575405	-0.053155779223
17.551241491968	-0.064646547980
17.776257408532	-0.076487835769
18.001273325096	-0.088673039637
18.226289241659	-0.101184287203
18.451305158223	-0.113978154548
18.676321074787	-0.126960125479
18.901336991350	-0.139946415415
19.126352907914	-0.152619038051
19.351368824478	-0.164491363331
19.576384741042	-0.174911027090
19.801400657605	-0.183124860458
20.026416574169	-0.188409393210
&
0.000000	-0.210195	-0.019959
0.225016	-0.215722	-0.027313
0.450032	-0.217455	-0.034330
0.675048	-0.215917	-0.041006
0.900064	-0.210299	-0.045808
1.125080	-0.205527	-0.052908
1.350095	-0.204036	-0.064089
1.575111	-0.206554	-0.079594
1.800127	-0.211064	-0.097086
2.025143	-0.213079	-0.111895
2.250159	-0.209878	-0.121205
2.475175	-0.201796	-0.125308
2.700191	-0.190180	-0.125534
2.925207	-0.183089	-0.129933
3.150223	-0.182183	-0.140165
3.375239	-0.187683	-0.156450
3.600255	-0.194150	-0.173348
3.825271	-0.194085	-0.183360
4.050286	-0.186754	-0.185753
4.275302	-0.172094	-0.180464
4.500318	-0.155905	-0.173292
4.725334	-0.144663	-0.170713
4.950350	-0.138582	-0.172942
5.175366	-0.137235	-0.179551
5.400382	-0.133288	-0.183206
5.625398	-0.120223	-0.177390
5.850414	-0.097367	-0.161429
6.075430	-0.064887	-0.135491
6.300446	-0.051178	-0.127969
6.525462	-0.063458	-0.146084
6.750477	-0.102100	-0.190207
6.975493	-0.144778	-0.238012
7.200509	-0.167607	-0.265614
7.425525	-0.170594	-0.273021
7.650541	-0.149348	-0.255841
7.875557	-0.082430	-0.192636
8.100573	0.035781	-0.077785
8.325589	0.183408	0.066836
8.550605	0.312015	0.192792
8.775621	0.398164	0.276643
9.000637	0.462818	0.339351
9.225653	0.529221	0.404164
9.450668	0.649591	0.523296
9.675684	0.820649	0.693469
9.900700	0.982679	0.854969
10.125716	1.070914	0.943028
10.350732	1.029387	0.901678
10.575748	0.887898	0.760719
10.800764	0.708768	0.582473
11.025780	0.562726	0.437669
11.250796	0.474982	0.351516
11.475812	0.386160	0.264639
11.700828	0.278510	0.159287
11.925844	0.141746	0.025175
12.150859	0.016712	-0.096853
12.375875	-0.063268	-0.173475
12.600891	-0.099664	-0.206158
12.825907	-0.106428	-0.208855
13.050923	-0.098675	-0.196682
13.275939	-0.067861	-0.161095
13.500955	-0.015368	-0.103474
13.725971	0.032297	-0.050328
13.950987	0.049220	-0.027571
14.176003	0.036575	-0.034028
14.401019	0.003305	-0.060757
14.626035	-0.023559	-0.080725
14.851050	-0.046652	-0.096570
15.076066	-0.066383	-0.108698
15.301082	-0.084982	-0.119341
15.526098	-0.101073	-0.127123
15.751114	-0.114294	-0.131681
15.976130	-0.124698	-0.133068
16.201146	-0.133058	-0.132057
16.426162	-0.139720	-0.128995
16.651178	-0.144635	-0.123834
16.876194	-0.147833	-0.116600
17.101210	-0.151049	-0.109031
17.326226	-0.155445	-0.102289
17.551241	-0.160490	-0.095843
17.776257	-0.165528	-0.089040
18.001273	-0.169756	-0.081083
18.226289	-0.176056	-0.074872
18.451305	-0.183860	-0.069882
18.676321	-0.193052	-0.066092
18.901337	-0.199749	-0.059803
19.126353	-0.203465	-0.050846
19.351369	-0.203236	-0.038744
19.576385	-0.201625	-0.026714
19.801401	-0.201653	-0.018528
20.026417	-0.204871	-0.016462
