   1.84460169508836      -0.545118840484570       4.860703908065087E-003
  4.860703344713178E-003 -4.860703517051667E-003 -4.274357302325959E-003
 -4.274355753314055E-003  4.274356170320855E-003  4.469677450806969E-002
 -8.759427166860943E-004 -8.759411103169645E-004  8.759402162739563E-004
  7.685648964040824E-004  7.685633829153842E-004 -7.685627406324349E-004
   7.07364875858396      -2.000091816809233E-002  2.000092146120805E-002
  -10.8382831268372       1.798026232173842E-002 -1.798026489406112E-002
   7.07364876570064       2.000089246925928E-002  1.798025897184265E-002
  -10.8382831423864      -1.798023333849359E-002   7.07364877657436     
 -1.798026357636445E-002 -1.798023293362064E-002  -10.8382831655279     
   4.24612927795638      -1.563612071134269E-002  1.563612509802100E-002
   4.24612928552288       1.563609450820486E-002   4.24612929691116     
   1.84460319719138      -0.545117897097245      -4.855927219227082E-003
 -4.855927656689830E-003  4.855931551475663E-003  4.268755335784445E-003
  4.268755729822778E-003 -4.268761739573679E-003  4.469658531522287E-002
  8.686091895059781E-004  8.686109053059690E-004 -8.686090290675154E-004
 -7.629446533001095E-004 -7.629460943266498E-004  7.629449165220049E-004
   7.07364429226200      -1.998994223628319E-002  1.998994968208100E-002
  -10.8382698312367       1.796410353405978E-002 -1.796410906928184E-002
   7.07364430054516       1.998992439794121E-002  1.796409814612545E-002
  -10.8382698498259      -1.796408008301456E-002   7.07364431035650     
 -1.796410857904660E-002 -1.796408195550686E-002  -10.8382698702164     
   4.24612268085121      -1.561866195136369E-002  1.561866967207989E-002
   4.24612269021146       1.561864234032980E-002   4.24612269965196     
