   1.85934361616409      -0.536449534225000       4.845930737468617E-003
  4.845934054038358E-003 -4.845933977054872E-003 -4.326819903298344E-003
 -4.326823159061425E-003  4.326822729841954E-003  4.387599057966608E-002
 -8.865948667884228E-004 -8.865962845793792E-004  8.865971217079455E-004
  7.797332005885941E-004  7.797344630950100E-004 -7.797350725308579E-004
   7.08103149381175      -1.998646089954188E-002  1.998646033579067E-002
  -10.9067126494713       1.803932823296405E-002 -1.803932819258211E-002
   7.08103149452752       1.998641838224133E-002  1.803933024131194E-002
  -10.9067126507652      -1.803928329343849E-002   7.08103149283284     
 -1.803932963360972E-002 -1.803928444885005E-002  -10.9067126468795     
   4.30204976547383      -1.577083360718433E-002  1.577083368913166E-002
   4.30204976588768       1.577078970085182E-002   4.30204976399030     
   1.85934359877489      -0.536449346072728      -4.840883972983451E-003
 -4.840886443188948E-003  4.840884500868945E-003  4.320915241834204E-003
  4.320917928445843E-003 -4.320915370566930E-003  4.387592926462350E-002
  8.791504496473599E-004  8.791506204323139E-004 -8.791516079472600E-004
 -7.740281943496147E-004 -7.740284131397806E-004  7.740291240783453E-004
   7.08104015515204      -1.997571303896368E-002  1.997571640692473E-002
  -10.9067347734656       1.802348275398658E-002 -1.802348734038195E-002
   7.08104015471728       1.997567926940625E-002  1.802348470506208E-002
  -10.9067347724523      -1.802344833108642E-002   7.08104015517532     
 -1.802348853864062E-002 -1.802344719425028E-002  -10.9067347740293     
   4.30206212886854      -1.575380738156933E-002  1.575381191037328E-002
   4.30206212835450       1.575377277623018E-002   4.30206212909605     
