   1.70135024536385      -0.365706327933552      -2.248780096271611E-018
  1.152435662539903E-018  2.818925648462312E-018 -5.725932694192030E-019
 -1.778779694564504E-019 -5.421010862427522E-019  2.381981365657346E-002
  1.730388275868198E-019  3.230926528415268E-020  1.355252715606881E-019
  1.195092048074293E-019 -8.932313895973509E-020 -1.355252715606881E-019
   6.45733976485826      -1.387449497058538E-014  3.289329311300774E-015
  -9.53259579171348       1.021419713356541E-014 -2.467918983802743E-015
   6.45733976485826      -6.491335247105212E-015  1.024989461761481E-014
  -9.53259579171347       4.711508960753008E-015   6.45733976485826     
 -2.453144093283681E-015  4.753205903956593E-015  -9.53259579171347     
   3.65334925542000      -7.830004182197800E-015  1.850367654923846E-015
   3.65334925542000      -3.635980405647388E-015   3.65334925542000     
   1.70135024536385      -0.365706327933552       5.140596024451228E-019
 -1.152432789990019E-018 -2.818925648462312E-018 -7.284529588028018E-019
 -2.558065138659057E-019  5.421010862427522E-019  2.381981365657346E-002
 -1.730401293508966E-019 -8.652004110384155E-020 -1.355252715606881E-019
 -1.737179722398696E-019  1.977440036504287E-019  1.355252715606881E-019
   6.45733976485826      -1.385367827808104E-014  3.303207079820348E-015
  -9.53259579171348       1.024889159653777E-014 -2.440163400122791E-015
   6.45733976485826      -6.477457459297398E-015  1.023601682519881E-014
  -9.53259579171348       4.725386748560823E-015   6.45733976485826     
 -2.467021891615624E-015  4.746266993634384E-015  -9.53259579171347     
   3.65334925542000      -7.823065284753676E-015  1.857306532212427E-015
   3.65334925542000      -3.670674875166924E-015   3.65334925542000     
