   1.73362613205756      -0.349792350787834       6.151406889405149E-020
 -5.850247146881618E-019 -1.084202172485504E-018  2.299342759976104E-018
 -6.819353080066076E-019  1.734723475976807E-018  2.331884915352360E-002
 -2.576302258369832E-020 -3.663899990530814E-020  1.355252715606881E-019
  4.568939253061352E-020 -1.450235605011891E-019  0.000000000000000E+000
   6.39292472273389      -1.374477535214183E-014  3.257695764802980E-015
  -9.45281339457468       1.013546899834615E-014 -2.366819999798265E-015
   6.39292472273389      -6.435824095873954E-015  1.016089874704467E-014
  -9.45281339457468       4.767020111984266E-015   6.39292472273389     
 -2.369222343667999E-015  4.726235460243557E-015  -9.45281339457468     
   3.60697611741359      -7.736573646603752E-015  1.804336933524082E-015
   3.60697611741359      -3.639449852599341E-015   3.60697611741359     
   1.73362613205757      -0.349792350787834      -1.699341852873233E-019
  1.513438784676048E-019  1.084202172485504E-018 -5.646194069982992E-019
 -1.854264710163390E-019 -1.734723475976807E-018  2.331884915352361E-002
 -1.342067647396727E-021 -1.757112038531165E-020 -2.710505431213761E-020
 -1.858431099597061E-020  9.081346155209982E-020  2.710505431213761E-020
   6.39292472273389      -1.372395867151546E-014  3.257695765338426E-015
  -9.45281339457468       1.014240789354119E-014 -2.366820000339116E-015
   6.39292472273389      -6.456640777585676E-015  1.013314317173810E-014
  -9.45281339457469       4.753142324176451E-015   6.39292472273389     
 -2.376161237324516E-015  4.747052143060931E-015  -9.45281339457468     
   3.60697611741359      -7.715756966093161E-015  1.790459146198080E-015
   3.60697611741359      -3.625572064791527E-015   3.60697611741359     
