   144
     1    0.000000    0.000000   -0.621422       0.004630
     2   -0.155356    0.155356   -0.466067       0.004630
     3   -0.310711    0.310711   -0.310711       0.004630
     4   -0.466067    0.466067   -0.155356       0.004630
     5   -0.621422    0.621422    0.000000       0.004630
     6   -0.776778    0.776778    0.155356       0.004630
     7    0.155356   -0.155356   -0.466067       0.004630
     8    0.000000    0.000000   -0.310711       0.004630
     9   -0.155356    0.155356   -0.155356       0.004630
    10   -0.310711    0.310711    0.000000       0.004630
    11   -0.466067    0.466067    0.155356       0.004630
    12   -0.621422    0.621422    0.310711       0.004630
    13    0.310711   -0.310711   -0.310711       0.004630
    14    0.155356   -0.155356   -0.155356       0.004630
    15    0.000000    0.000000    0.000000       0.004630
    16   -0.155356    0.155356    0.155356       0.004630
    17   -0.310711    0.310711    0.310711       0.004630
    18   -0.466067    0.466067    0.466067       0.004630
    19    0.466067   -0.466067   -0.155356       0.004630
    20    0.310711   -0.310711    0.000000       0.004630
    21    0.155356   -0.155356    0.155356       0.004630
    22    0.000000    0.000000    0.310711       0.004630
    23   -0.155356    0.155356    0.466067       0.004630
    24   -0.310711    0.310711    0.621422       0.004630
    25    0.621422   -0.621422    0.000000       0.004630
    26    0.466067   -0.466067    0.155356       0.004630
    27    0.310711   -0.310711    0.310711       0.004630
    28    0.155356   -0.155356    0.466067       0.004630
    29    0.000000    0.000000    0.621422       0.004630
    30   -0.155356    0.155356    0.776778       0.004630
    31    0.776778   -0.776778    0.155356       0.004630
    32    0.621422   -0.621422    0.310711       0.004630
    33    0.466067   -0.466067    0.466067       0.004630
    34    0.310711   -0.310711    0.621422       0.004630
    35    0.155356   -0.155356    0.776778       0.004630
    36    0.000000    0.000000    0.932133       0.004630
    37    0.155356    0.155356   -0.776778       0.009259
    38    0.000000    0.310711   -0.621422       0.009259
    39   -0.155356    0.466067   -0.466067       0.009259
    40   -0.310711    0.621422   -0.310711       0.009259
    41   -0.466067    0.776778   -0.155356       0.009259
    42   -0.621422    0.932133    0.000000       0.009259
    43    0.310711    0.000000   -0.621422       0.009259
    44    0.155356    0.155356   -0.466067       0.009259
    45    0.000000    0.310711   -0.310711       0.009259
    46   -0.155356    0.466067   -0.155356       0.009259
    47   -0.310711    0.621422    0.000000       0.009259
    48   -0.466067    0.776778    0.155356       0.009259
    49    0.466067   -0.155356   -0.466067       0.009259
    50    0.310711    0.000000   -0.310711       0.009259
    51    0.155356    0.155356   -0.155356       0.009259
    52    0.000000    0.310711    0.000000       0.009259
    53   -0.155356    0.466067    0.155356       0.009259
    54   -0.310711    0.621422    0.310711       0.009259
    55    0.621422   -0.310711   -0.310711       0.009259
    56    0.466067   -0.155356   -0.155356       0.009259
    57    0.310711    0.000000    0.000000       0.009259
    58    0.155356    0.155356    0.155356       0.009259
    59    0.000000    0.310711    0.310711       0.009259
    60   -0.155356    0.466067    0.466067       0.009259
    61    0.776778   -0.466067   -0.155356       0.009259
    62    0.621422   -0.310711    0.000000       0.009259
    63    0.466067   -0.155356    0.155356       0.009259
    64    0.310711    0.000000    0.310711       0.009259
    65    0.155356    0.155356    0.466067       0.009259
    66    0.000000    0.310711    0.621422       0.009259
    67    0.932133   -0.621422    0.000000       0.009259
    68    0.776778   -0.466067    0.155356       0.009259
    69    0.621422   -0.310711    0.310711       0.009259
    70    0.466067   -0.155356    0.466067       0.009259
    71    0.310711    0.000000    0.621422       0.009259
    72    0.155356    0.155356    0.776778       0.009259
    73    0.310711    0.310711   -0.932133       0.009259
    74    0.155356    0.466067   -0.776778       0.009259
    75    0.000000    0.621422   -0.621422       0.009259
    76   -0.155356    0.776778   -0.466067       0.009259
    77   -0.310711    0.932133   -0.310711       0.009259
    78   -0.466067    1.087489   -0.155356       0.009259
    79    0.466067    0.155356   -0.776778       0.009259
    80    0.310711    0.310711   -0.621422       0.009259
    81    0.155356    0.466067   -0.466067       0.009259
    82    0.000000    0.621422   -0.310711       0.009259
    83   -0.155356    0.776778   -0.155356       0.009259
    84   -0.310711    0.932133    0.000000       0.009259
    85    0.621422    0.000000   -0.621422       0.009259
    86    0.466067    0.155356   -0.466067       0.009259
    87    0.310711    0.310711   -0.310711       0.009259
    88    0.155356    0.466067   -0.155356       0.009259
    89    0.000000    0.621422    0.000000       0.009259
    90   -0.155356    0.776778    0.155356       0.009259
    91    0.776778   -0.155356   -0.466067       0.009259
    92    0.621422    0.000000   -0.310711       0.009259
    93    0.466067    0.155356   -0.155356       0.009259
    94    0.310711    0.310711    0.000000       0.009259
    95    0.155356    0.466067    0.155356       0.009259
    96    0.000000    0.621422    0.310711       0.009259
    97    0.932133   -0.310711   -0.310711       0.009259
    98    0.776778   -0.155356   -0.155356       0.009259
    99    0.621422    0.000000    0.000000       0.009259
   100    0.466067    0.155356    0.155356       0.009259
   101    0.310711    0.310711    0.310711       0.009259
   102    0.155356    0.466067    0.466067       0.009259
   103    1.087489   -0.466067   -0.155356       0.009259
   104    0.932133   -0.310711    0.000000       0.009259
   105    0.776778   -0.155356    0.155356       0.009259
   106    0.621422    0.000000    0.310711       0.009259
   107    0.466067    0.155356    0.466067       0.009259
   108    0.310711    0.310711    0.621422       0.009259
   109    0.466067    0.466067   -1.087489       0.004630
   110    0.310711    0.621422   -0.932133       0.004630
   111    0.155356    0.776778   -0.776778       0.004630
   112    0.000000    0.932133   -0.621422       0.004630
   113   -0.155356    1.087489   -0.466067       0.004630
   114   -0.310711    1.242844   -0.310711       0.004630
   115    0.621422    0.310711   -0.932133       0.004630
   116    0.466067    0.466067   -0.776778       0.004630
   117    0.310711    0.621422   -0.621422       0.004630
   118    0.155356    0.776778   -0.466067       0.004630
   119    0.000000    0.932133   -0.310711       0.004630
   120   -0.155356    1.087489   -0.155356       0.004630
   121    0.776778    0.155356   -0.776778       0.004630
   122    0.621422    0.310711   -0.621422       0.004630
   123    0.466067    0.466067   -0.466067       0.004630
   124    0.310711    0.621422   -0.310711       0.004630
   125    0.155356    0.776778   -0.155356       0.004630
   126    0.000000    0.932133    0.000000       0.004630
   127    0.932133    0.000000   -0.621422       0.004630
   128    0.776778    0.155356   -0.466067       0.004630
   129    0.621422    0.310711   -0.310711       0.004630
   130    0.466067    0.466067   -0.155356       0.004630
   131    0.310711    0.621422    0.000000       0.004630
   132    0.155356    0.776778    0.155356       0.004630
   133    1.087489   -0.155356   -0.466067       0.004630
   134    0.932133    0.000000   -0.310711       0.004630
   135    0.776778    0.155356   -0.155356       0.004630
   136    0.621422    0.310711    0.000000       0.004630
   137    0.466067    0.466067    0.155356       0.004630
   138    0.310711    0.621422    0.310711       0.004630
   139    1.242844   -0.310711   -0.310711       0.004630
   140    1.087489   -0.155356   -0.155356       0.004630
   141    0.932133    0.000000    0.000000       0.004630
   142    0.776778    0.155356    0.155356       0.004630
   143    0.621422    0.310711    0.310711       0.004630
   144    0.466067    0.466067    0.466067       0.004630
