   1.73628917838641      -0.352060650249817      -3.732749528310198E-020
 -1.545485454650586E-019 -6.505213034913027E-019  6.680334382093236E-019
  1.882609913454237E-019  2.168404344971009E-019  2.355585500232322E-002
  7.803075967762322E-020 -3.653642902964867E-020  2.710505431213761E-020
 -9.216275851545164E-020 -3.077694526337050E-019  1.355252715606881E-019
   6.42405986351309      -1.376685529982391E-014  3.264557122455041E-015
  -9.50755104167126       1.019902457056988E-014 -2.380633152513843E-015
   6.42405986351309      -6.498274141009119E-015  1.021637296393751E-014
  -9.50755104167126       4.773959005888173E-015   6.42405986351309     
 -2.398544648444962E-015  4.778562784019869E-015  -9.50755104167126     
   3.63119469607262      -7.744505595890197E-015  1.811166866339950E-015
   3.63119469607262      -3.642919299551295E-015   3.63119469607262     
   1.73628917838641      -0.352060650249817       1.772050915756177E-018
  5.882293219504336E-019  1.517883041479706E-018 -6.680331885335214E-019
 -6.219417331640634E-019 -2.168404344971009E-019  2.355585500232322E-002
  4.394170465432671E-020  3.653639962525778E-020 -1.355252715606881E-019
  6.505788975865972E-020 -7.170127656296436E-020  0.000000000000000E+000
   6.42405986351309      -1.377379419760882E-014  3.285373804197357E-015
  -9.50755104167126       1.020596346827730E-014 -2.366755365541681E-015
   6.42405986351310      -6.477457459297398E-015  1.021637296441502E-014
  -9.50755104167127       4.815592369311616E-015   6.42405986351309     
 -2.384666854638155E-015  4.761215552792276E-015  -9.50755104167126     
   3.63119469607262      -7.758383387456910E-015  1.804227973614907E-015
   3.63119469607262      -3.646388746503249E-015   3.63119469607262     
