    48
     1    0.000000    0.000000   -0.466067       0.015625
     2   -0.233033    0.233033   -0.233033       0.015625
     3   -0.466067    0.466067    0.000000       0.015625
     4   -0.699100    0.699100    0.233033       0.015625
     5    0.233033   -0.233033   -0.233033       0.015625
     6    0.000000    0.000000    0.000000       0.015625
     7   -0.233033    0.233033    0.233033       0.015625
     8   -0.466067    0.466067    0.466067       0.015625
     9    0.466067   -0.466067    0.000000       0.015625
    10    0.233033   -0.233033    0.233033       0.015625
    11    0.000000    0.000000    0.466067       0.015625
    12   -0.233033    0.233033    0.699100       0.015625
    13    0.699100   -0.699100    0.233033       0.015625
    14    0.466067   -0.466067    0.466067       0.015625
    15    0.233033   -0.233033    0.699100       0.015625
    16    0.000000    0.000000    0.932133       0.015625
    17    0.233033    0.233033   -0.699100       0.031250
    18    0.000000    0.466067   -0.466067       0.031250
    19   -0.233033    0.699100   -0.233033       0.031250
    20   -0.466067    0.932133    0.000000       0.031250
    21    0.466067    0.000000   -0.466067       0.031250
    22    0.233033    0.233033   -0.233033       0.031250
    23    0.000000    0.466067    0.000000       0.031250
    24   -0.233033    0.699100    0.233033       0.031250
    25    0.699100   -0.233033   -0.233033       0.031250
    26    0.466067    0.000000    0.000000       0.031250
    27    0.233033    0.233033    0.233033       0.031250
    28    0.000000    0.466067    0.466067       0.031250
    29    0.932133   -0.466067    0.000000       0.031250
    30    0.699100   -0.233033    0.233033       0.031250
    31    0.466067    0.000000    0.466067       0.031250
    32    0.233033    0.233033    0.699100       0.031250
    33    0.466067    0.466067   -0.932133       0.015625
    34    0.233033    0.699100   -0.699100       0.015625
    35    0.000000    0.932133   -0.466067       0.015625
    36   -0.233033    1.165166   -0.233033       0.015625
    37    0.699100    0.233033   -0.699100       0.015625
    38    0.466067    0.466067   -0.466067       0.015625
    39    0.233033    0.699100   -0.233033       0.015625
    40    0.000000    0.932133    0.000000       0.015625
    41    0.932133    0.000000   -0.466067       0.015625
    42    0.699100    0.233033   -0.233033       0.015625
    43    0.466067    0.466067    0.000000       0.015625
    44    0.233033    0.699100    0.233033       0.015625
    45    1.165166   -0.233033   -0.233033       0.015625
    46    0.932133    0.000000    0.000000       0.015625
    47    0.699100    0.233033    0.233033       0.015625
    48    0.466067    0.466067    0.466067       0.015625
