   1.60772035049970      -0.396802884281978       2.434545870850829E-018
 -7.342904844624859E-019 -1.301042606982605E-018  9.624377827126312E-020
  1.566004177976322E-018  0.000000000000000E+000  2.594721862011791E-002
 -1.177050828440182E-019 -5.885258105339371E-020  0.000000000000000E+000
 -1.355453129976256E-020  4.743292302560591E-020  2.710505431213761E-019
   6.45433629939395      -1.381149386670050E-014  3.211991024968208E-015
  -9.43193202084008       1.009810664689158E-014 -2.407817576860736E-015
   6.45433629939395      -6.494804694057166E-015  1.011791080657154E-014
  -9.43193202084008       4.683753385137379E-015   6.45433629939395     
 -2.417845420154973E-015  4.701763115261978E-015  -9.43193202084008     
   3.64586818506944      -7.758588649144367E-015  1.781836774521499E-015
   3.64586818506945      -3.629041511743480E-015   3.64586818506944     
   1.60772035049970      -0.396802884281978       1.675340443382184E-019
  1.601650480643794E-018  4.336808689942018E-019  5.542864728453442E-019
  3.855627843668199E-019 -2.168404344971009E-019  2.594721862011791E-002
  1.177013823240690E-019  1.672710596240258E-019  5.421010862427522E-020
 -1.490731146216271E-019 -3.184820822785912E-019  0.000000000000000E+000
   6.45433629939395      -1.381843275452396E-014  3.211991008627763E-015
  -9.43193202084009       1.008422885164613E-014 -2.421695343620031E-015
   6.45433629939395      -6.494804694057166E-015  1.012484968844772E-014
  -9.43193202084009       4.697631172945194E-015   6.45433629939395     
 -2.417845486878664E-015  4.701763109089346E-015  -9.43193202084008     
   3.64586818506945      -7.758588635406943E-015  1.781836754750569E-015
   3.64586818506945      -3.629041511743480E-015   3.64586818506944     
