0.00492668	1.58201	-0.0333065	-1.61532	-0.002361	0.004103	0.001365
6.75249	0.106833	-0.0512556	-0.158089	-3.89973	3.90416	-3.89174
6.74815	0.107181	-0.0713377	-0.178518	-22.1133	7.80111	6.52604
6.75249	0.106832	-0.0511577	-0.15799	2.74872	5.51735	2.75671
9.55572	-0.0596252	-0.0727062	-0.0130809	-1.15087	9.4181	-1.13435
9.5486	-0.0593922	-0.173308	-0.113915	-19.3575	13.3145	9.28059
6.74821	0.107175	-0.0712432	-0.178418	-8.8105	11.0289	19.8289
9.54868	-0.0593949	-0.173408	-0.114013	-12.707	14.9282	15.9311
9.53865	-0.0590665	-0.0975698	-0.0385032	-16.6002	18.8261	12.0322
6.75479	0.106648	-0.0587031	-0.165351	-8.20086	28.2269	1.35186
9.54974	-0.05943	-0.0727928	-0.0133628	-0.40621	20.4328	9.14551
9.54717	-0.0593457	-0.0870134	-0.0276676	-12.565	7.8014	-3.01758
9.54971	-0.0594294	-0.0726776	-0.0132481	-13.7117	17.2043	-4.15994
11.7323	-0.128174	0.0135814	0.141755	-5.97725	9.39384	3.69792
11.7605	-0.128716	-0.0438234	0.0848928	-9.76866	13.3279	-0.205958
9.54721	-0.0593479	-0.0869082	-0.0275603	0.733185	11.0281	10.2806
11.7605	-0.128717	-0.0440862	0.0846312	-3.22069	14.9167	6.34201
11.6846	-0.127266	-0.172297	-0.0450314	-7.04558	18.8169	2.47983
6.74855	0.107147	-0.0130468	-0.120194	-12.9723	28.2251	6.12376
9.54101	-0.0591441	-0.0327859	0.0263581	-5.18255	20.4242	13.9187
9.54832	-0.0593835	-0.0607359	-0.00135243	-17.3383	7.79745	1.75304
9.54097	-0.0591435	-0.0327614	0.0263821	-18.4829	17.197	0.618342
11.6625	-0.126835	-0.0711321	0.0557032	-10.7017	9.38895	8.42353
11.7148	-0.127846	-0.0356476	0.0921987	-14.5613	13.2986	4.50765
9.54837	-0.0593856	-0.0605983	-0.00121264	-4.03658	11.025	15.0547
11.7148	-0.127848	-0.0356179	0.0922297	-7.92965	14.9077	11.1393
11.6974	-0.127513	-0.166243	-0.0387297	-11.8247	18.8167	7.25905
4.77874	0.349248	-0.0608881	-0.410136	-1.01192	2.76144	3.76654
8.28706	-0.00687524	-0.0360253	-0.0291501	-4.91491	6.67132	-0.111777
8.27391	-0.00613688	-0.16643	-0.160293	-8.80172	10.5576	-4.02303
10.6724	-0.0443818	-0.0869076	-0.0425258	1.7412	8.27413	6.51862
12.6673	-0.117216	-0.0441386	0.0730771	-2.22346	12.1922	2.62033
12.6164	-0.116119	-0.172113	-0.0559941	-6.04242	16.0762	-1.26401
4.77145	0.350587	-0.0713875	-0.421975	4.5005	13.7854	9.27432
8.27114	-0.00592448	-0.173521	-0.167597	0.604268	17.684	5.37554
8.25851	-0.00530562	-0.0977006	-0.092395	-3.28965	21.5839	1.47948
10.6678	-0.044289	-0.0328724	0.0114167	-17.474	14.4406	-3.14692
12.6023	-0.11573	-0.0713045	0.0444251	-9.6913	6.62857	4.65281
12.6436	-0.11647	-0.03577	0.0806996	-13.5575	10.5561	0.761323
14.318	-0.124914	-0.0725796	0.0523346	-14.7199	19.9588	-0.397248
15.7616	-0.162648	0.0137554	0.176403	-6.96283	12.0865	7.37616
15.8095	-0.163038	-0.0438452	0.119193	-10.7569	16.0279	3.48239
10.6739	-0.0443847	-0.0510945	-0.00670976	-0.275959	13.7809	14.0449
12.6319	-0.116235	-0.0726439	0.0435906	-4.17241	17.6731	10.1422
12.6223	-0.115994	-0.173383	-0.0573886	-8.06283	21.5797	6.25109
4.77076	0.350714	-0.01306	-0.363774	-22.2494	14.4476	1.62334
8.25983	-0.00535326	-0.032821	-0.0274677	-14.4606	6.64942	9.422
8.27061	-0.00594734	-0.0606983	-0.054751	-18.347	10.5534	5.51774
10.671	-0.0442891	-0.0584635	-0.0141744	-19.4943	19.9583	4.37659
12.6279	-0.116061	-0.0725284	0.0435328	-11.6998	12.1647	12.171
12.629	-0.11613	-0.0867415	0.0293881	-15.5893	16.064	8.26934
4.77355	0.3502	-0.0331558	-0.383356	-5.0451	13.7811	18.8211
8.27231	-0.00603605	-0.0510485	-0.0450125	-8.94038	17.6755	14.9202
8.26587	-0.00570301	-0.0712236	-0.0655206	-12.8361	21.578	11.0257
4.77874	0.349248	-0.0609214	-0.41017	-4.33865	1.95424	0.43981
10.6723	-0.0443799	-0.0870557	-0.0426758	-8.23266	5.85407	-3.45524
4.7714	0.350596	-0.0714079	-0.422004	-12.1297	9.75022	-7.35585
8.28706	-0.00687588	-0.0359901	-0.0291142	-1.60441	7.47459	3.19873
12.6673	-0.117215	-0.0439835	0.0732313	-5.48271	11.4014	-0.638912
8.27107	-0.00592135	-0.173341	-0.167419	-9.37269	15.2631	-4.60142
8.27399	-0.00614113	-0.166484	-0.160343	1.16785	12.9766	5.94654
12.6163	-0.11612	-0.172323	-0.0562038	-2.73412	16.8789	2.04429
8.25855	-0.00530802	-0.0976087	-0.0923007	-6.61862	20.7762	-1.8495
10.6678	-0.0442897	-0.0328727	0.011417	-0.846426	18.4751	13.4807
14.318	-0.124913	-0.0727077	0.0522054	-4.73937	22.3805	9.58326
10.6738	-0.0443835	-0.0511667	-0.00678317	-16.8994	9.74738	-2.5785
12.6023	-0.11573	-0.0712848	0.0444453	-6.35926	7.43706	7.98486
15.7616	-0.162647	0.0137811	0.176429	-10.2132	11.2979	4.12583
12.6318	-0.116234	-0.0725434	0.0436903	-14.137	15.2553	0.177531
12.6436	-0.116471	-0.0357324	0.0807388	-3.61534	12.9685	10.7035
15.8096	-0.163038	-0.0439436	0.119094	-7.46822	16.8259	6.77111
12.6224	-0.115995	-0.173286	-0.0572912	-11.3893	20.7726	2.92464
4.77079	0.350707	-0.0130471	-0.363754	-5.61849	18.483	18.2542
10.671	-0.0442871	-0.0585862	-0.0142991	-9.5131	22.3801	14.3578
4.7735	0.350209	-0.0332113	-0.38342	-21.6754	9.74592	2.19079
8.25983	-0.00535388	-0.0327741	-0.0274202	-11.1334	7.45674	12.7492
12.6279	-0.11606	-0.0725494	0.0435108	-15.0248	11.3579	8.84604
8.27224	-0.00603296	-0.051023	-0.04499	-18.9153	15.2551	4.94523
8.27068	-0.00595162	-0.0606168	-0.0546652	-8.37206	12.9737	15.4927
12.6289	-0.11613	-0.0867836	0.0293464	-12.265	16.8706	11.5936
8.26592	-0.00570538	-0.0711591	-0.0654538	-16.1634	20.7706	7.6983
4.77882	0.349233	-0.0251969	-0.37443	-0.578364	4.70999	-0.564471
10.6736	-0.0444902	-0.0872431	-0.0427529	-4.46813	8.60819	-4.4564
4.77518	0.349901	-0.0783056	-0.428207	-8.36532	12.5042	-8.36425
10.6736	-0.0444924	-0.0871821	-0.0426897	2.17223	10.2194	2.18396
14.3112	-0.124913	-0.158479	-0.0335669	-16.0332	14.1224	12.6065
10.6638	-0.0441784	-0.12367	-0.0794915	-19.9274	18.0224	8.70222
4.77527	0.349886	-0.0782973	-0.428183	4.93859	15.7323	4.93966
10.6638	-0.0441781	-0.123823	-0.0796445	-13.2711	19.6375	15.3585
4.76754	0.351307	-0.0445873	-0.395894	-17.1735	23.5285	11.4645
8.26585	-0.00558629	-0.0757204	-0.0701341	-5.34944	4.68663	4.21227
12.631	-0.116235	-0.146576	-0.030341	-9.24096	8.60496	0.31682
8.27874	-0.00637462	-0.0872142	-0.0808396	-13.1357	12.5042	-3.58079
12.631	-0.116237	-0.146607	-0.0303707	-2.60022	10.2163	6.95756
12.6214	-0.116011	-0.158436	-0.0424258	-10.3796	18.0178	-0.837963
8.27879	-0.00637742	-0.0872658	-0.0808883	0.15551	15.7292	9.71041
12.6213	-0.11601	-0.158649	-0.0426386	-3.72964	19.6313	5.81195
8.25612	-0.00515426	-0.123852	-0.118698	-7.62583	23.5367	1.91488
8.25373	-0.0050651	-0.00648829	-0.00142319	-10.1231	4.69451	8.98407
12.6109	-0.115781	-0.0755161	0.0402647	-14.0263	8.58684	5.08882
8.27321	-0.00609562	-0.0250516	-0.0189559	-17.9056	12.4984	1.18595
12.6109	-0.115782	-0.0754391	0.040343	-7.36833	10.2023	11.7468
15.8266	-0.162764	-0.146337	0.016427	-11.2546	14.1063	7.83182
12.6319	-0.116214	-0.0870186	0.0291954	-15.1492	18.0052	3.93378
8.27326	-0.0060984	-0.0249621	-0.0188637	-4.60995	15.7245	14.4815
12.6319	-0.116214	-0.0871256	0.0290883	-8.49837	19.619	10.5846
8.26764	-0.00576789	-0.0781933	-0.0724254	-12.3994	23.5255	6.69116
2.93037	0.824488	-0.0443383	-0.868827	-1.48218	2.35844	0.909924
8.77742	-0.00682207	-0.053899	-0.047077	-5.38161	6.2627	-2.9766
5.59208	0.223241	-0.0893484	-0.31259	-9.27335	10.153	-6.89096
8.77742	-0.0068235	-0.0537853	-0.0469619	1.26146	7.87457	3.66647
12.0712	-0.115013	-0.146221	-0.0312086	-2.62621	11.7798	-0.232041
9.95912	-0.0635518	-0.216612	-0.153061	-6.51775	15.6721	-4.17092
5.59215	0.223231	-0.0893196	-0.312551	4.03564	13.3823	6.41803
9.9592	-0.0635534	-0.216815	-0.153262	0.171316	17.2952	2.51814
7.34807	0.0475418	-0.067063	-0.114605	-3.76075	21.1781	-1.37793
8.77226	-0.00644203	-0.0477746	-0.0413326	-6.25516	2.34186	5.68693
12.0536	-0.114778	-0.0691153	0.045663	-10.153	6.24458	1.79172
9.99115	-0.0647391	-0.0538088	0.0109302	-14.0349	10.1523	-2.10241
12.0536	-0.114779	-0.0690413	0.0457378	-3.50268	7.85822	8.44205
12.9656	-0.14023	-0.146025	-0.00579451	-11.2766	15.668	0.641832
9.99119	-0.064741	-0.0537578	0.0109832	-0.751954	13.3753	11.1805
12.9657	-0.140231	-0.146216	-0.00598509	-4.63893	17.2786	7.27947
11.0446	-0.103305	-0.216772	-0.113467	-8.54604	21.2135	3.39878
5.59105	0.223384	-0.0178713	-0.241256	-11.0286	2.34879	10.4587
9.97474	-0.0641389	-0.0476683	0.0164706	-14.9309	6.24154	6.56335
7.35919	0.0467492	-0.0442022	-0.0909513	-18.8164	10.15	2.66104
9.97474	-0.06414	-0.0475966	0.0165434	-8.27377	7.85684	13.2205
12.9539	-0.140078	-0.0688744	0.0712037	-12.1695	11.7539	9.31756
11.0787	-0.104377	-0.0535738	0.0508028	-16.0492	15.6555	5.41519
7.35925	0.0467447	-0.0440829	-0.0908275	-5.51539	13.3774	15.9621
11.0788	-0.104378	-0.0536103	0.0507673	-9.40932	17.2666	12.0551
8.76286	-0.037549	-0.0891264	-0.0515774	-13.309	21.1786	8.17018
7.3645	0.046376	-0.0497087	-0.0960846	-2.49648	5.11132	4.67738
11.1082	-0.10518	-0.0420622	0.0631176	-6.41041	9.03516	0.815636
8.7561	-0.037237	-0.146072	-0.108835	-10.274	12.9084	-3.13771
9.98937	-0.0646285	-0.0928935	-0.028265	0.259692	10.6233	7.42601
12.7534	-0.137291	1.12644	1.26373	-3.41325	14.6068	3.52564
11.0515	-0.103688	-0.145695	-0.0420072	-7.53134	18.4304	-0.376821
5.59618	0.222696	-0.0548512	-0.277547	3.02375	16.1356	10.1805
9.98607	-0.0644679	-0.107876	-0.0434077	-0.872739	20.0365	6.28881
7.351	0.0473442	-0.0772137	-0.124558	-4.76839	23.9364	2.39086
9.96934	-0.0640319	-0.0373458	0.0266862	-7.26332	5.09415	9.45782
12.9175	-0.139595	-0.127039	0.012556	-11.1834	8.97004	5.57003
11.0813	-0.104415	-0.0608472	0.0435678	-15.04	12.903	1.65762
12.0564	-0.114834	-0.0494679	0.0653658	-4.51154	10.6166	12.1976
14.6618	-0.16489	-0.0417985	0.123092	-8.40561	14.4861	8.2618
12.9467	-0.139997	-0.145875	-0.00587776	-12.2968	18.4348	4.41142
8.76918	-0.00647693	-0.0359489	-0.0294719	-1.75393	16.1286	14.955
12.0547	-0.114814	-0.0635634	0.0512502	-5.64818	20.0259	11.0565
9.97857	-0.0642629	-0.0935654	-0.0293025	-9.54405	23.9363	7.16573
5.59646	0.222674	-0.036031	-0.258705	-12.0409	5.11049	14.2239
9.98606	-0.064493	-0.0635954	0.000897612	-15.9359	9.00964	10.3279
7.3551	0.0470345	-0.0935673	-0.140602	-19.8265	12.9057	6.41761
8.76509	-0.00632863	-0.0546236	-0.048295	-9.27981	10.6268	16.9752
12.0537	-0.1148	-0.107639	0.00716086	-13.1736	14.5203	13.0735
9.98064	-0.0643732	-0.0769443	-0.0125711	-17.069	18.4195	9.17455
2.92269	0.827027	-0.0407323	-0.867759	-6.52241	16.1349	19.7309
8.76916	-0.00641541	-0.0685914	-0.062176	-10.4158	20.0338	15.8335
5.59335	0.223078	-0.0444793	-0.267557	-14.3164	23.9317	11.9349
7.3645	0.0463763	-0.0497598	-0.0961361	-5.81977	4.30495	1.35409
9.9893	-0.0646261	-0.0929426	-0.0283165	-9.71016	8.20419	-2.54385
5.59615	0.222701	-0.054837	-0.277538	-13.6061	12.1005	-6.44937
11.1082	-0.105181	-0.0421078	0.0630728	-3.10523	9.83713	4.12082
12.7533	-0.137291	1.12666	1.26396	-6.96527	13.7449	-0.026378
9.98601	-0.0644675	-0.107682	-0.0432146	-10.8566	17.614	-3.69503
8.75617	-0.0372402	-0.146246	-0.109006	-0.288356	15.3314	6.84794
11.0515	-0.103687	-0.145838	-0.0421509	-4.1934	19.2403	2.96112
7.35105	0.0473402	-0.0771441	-0.124484	-8.10072	23.1279	-0.941467
9.96934	-0.0640316	-0.0373521	0.0266795	-10.5958	4.28557	6.12537
12.0564	-0.114832	-0.0495825	0.0652496	-14.4802	8.19775	2.22898
8.76916	-0.00647559	-0.0360139	-0.0295383	-18.3791	12.0947	-1.67014
12.9175	-0.139596	-0.127029	0.0125666	-7.84481	9.78012	8.90864
14.6617	-0.16489	-0.0417744	0.123115	-11.6803	13.6915	4.98709
12.0547	-0.114814	-0.0634666	0.051347	-15.622	17.6059	1.08267
11.0814	-0.104417	-0.0608194	0.0435972	-5.08155	15.3193	11.6161
12.9467	-0.139997	-0.145965	-0.00596791	-8.98202	19.239	7.72617
9.97861	-0.0642646	-0.0934715	-0.0292068	-12.8756	23.128	3.83419
5.59646	0.222674	-0.0360657	-0.25874	-15.3661	4.30368	10.8988
8.76501	-0.00632494	-0.0547287	-0.0484037	-19.2599	8.20518	6.99512
2.92262	0.82705	-0.0407555	-0.867805	-23.1563	12.0989	3.09708
9.98606	-0.064494	-0.0635527	0.000941262	-12.6119	9.81618	13.6519
12.0536	-0.114799	-0.107597	0.00720131	-16.4989	13.7135	9.74829
8.7691	-0.00641436	-0.0684723	-0.062058	-20.4006	17.6111	5.84869
7.35518	0.0470287	-0.0935745	-0.140603	-9.84295	15.3281	16.4012
9.9806	-0.0643726	-0.0770272	-0.0126546	-13.7418	19.2268	12.5017
5.59343	0.223068	-0.0444209	-0.267489	-17.6438	23.1243	8.60756
7.37209	0.0458299	-0.0610589	-0.106889	-2.06186	7.06939	0.346536
9.96767	-0.0641184	-0.146087	-0.0819686	-5.95413	10.9667	-3.5741
5.59441	0.222951	-0.0936586	-0.31661	-9.84831	14.8573	-7.46374
9.96775	-0.0641211	-0.146173	-0.0820519	0.716763	12.5853	3.09679
12.0407	-0.114585	-0.145698	-0.0311133	-3.18125	16.4751	-0.816276
8.76402	-0.00621873	-0.0770241	-0.0708054	-7.09183	20.3715	-4.70669
5.59448	0.222943	-0.0937338	-0.316676	3.46679	18.0881	5.85137
8.76393	-0.00621521	-0.0771679	-0.0709526	-0.432316	21.9874	1.95282
2.918	0.82858	-0.0445778	-0.873158	-4.33277	25.8808	-1.94696
11.0546	-0.10345	-0.127218	-0.0237688	-6.83246	7.01431	5.1305
12.9996	-0.140693	-0.0418968	0.0987958	-10.6782	10.9535	1.24679
9.98809	-0.0645846	-0.0636029	0.000981699	-14.6141	14.8522	-2.67893
12.9997	-0.140694	-0.0419943	0.0986996	-4.09825	12.55	7.82669
14.4748	-0.163436	1.1266	1.29004	-8.04232	16.6874	3.99327
12.0498	-0.11472	-0.107645	0.00707504	-11.8649	20.3687	0.068007
9.98813	-0.0645858	-0.0636802	0.000905607	-1.31627	18.0788	10.6189
12.0497	-0.114719	-0.107803	0.00691521	-5.2063	21.9844	6.7266
8.76917	-0.00637149	-0.0685954	-0.062224	-9.10832	25.8828	2.82811
8.75107	-0.0370048	-0.037306	-0.000301198	-11.6062	7.04627	9.89653
11.0731	-0.104163	-0.0495012	0.0546616	-15.4879	10.9508	5.98977
7.35812	0.0468223	-0.035973	-0.0827953	-19.3873	14.8493	2.09272
11.0731	-0.104165	-0.0494334	0.0547312	-8.84251	12.5633	12.6351
12.9675	-0.140264	-0.0926418	0.0476222	-12.7332	16.4635	8.73854
9.98077	-0.0643976	-0.0545359	0.00986164	-16.6323	20.3683	4.84461
7.35817	0.046819	-0.035942	-0.082761	-6.08728	18.0764	15.3928
9.98069	-0.0643953	-0.0546544	0.00974095	-9.98254	21.9818	11.4944
5.59497	0.222869	-0.0406528	-0.263522	-13.8801	25.8788	7.60086

