   1.73628963338451      -0.352068485346255      -1.664572452788932E-018
 -5.866062575259860E-019 -1.301042606982605E-018  7.746816996578663E-019
  6.202950177193585E-019  2.168404344971009E-019  2.355508650657998E-002
  3.036843521484801E-021  1.772938907885077E-020  1.219727444046192E-019
  1.609002396286071E-020 -9.110706744424023E-020  0.000000000000000E+000
   6.42402586917256      -1.376694654416526E-014  3.278432551793903E-015
  -9.50740742700187       1.020604797614990E-014 -2.352869764583448E-015
   6.42402586917256      -6.491335247105212E-015  1.022330739366155E-014
  -9.50740742700188       4.801714581503802E-015   6.42402586917256     
 -2.370659389348157E-015  4.761471412163663E-015  -9.50740742700187     
   3.63107359105284      -7.758494721437042E-015  1.804231159172135E-015
   3.63107359105284      -3.660266534311063E-015   3.63107359105284     
   1.73628963338451      -0.352068485346255       7.972126740309756E-019
  1.529261048941923E-019  1.301042606982605E-018 -5.578437174447827E-019
 -1.866150512573395E-019 -2.168404344971009E-019  2.355508650657998E-002
 -1.114574423142571E-019 -1.772946343867894E-020 -1.355252715606881E-020
 -1.608970207788468E-020  9.110712472769070E-020  0.000000000000000E+000
   6.42402586917256      -1.379470211822486E-014  3.278432549075983E-015
  -9.50740742700188       1.020604797530517E-014 -2.380625336905878E-015
   6.42402586917256      -6.470518565393490E-015  1.022330739177972E-014
  -9.50740742700187       4.787836793695988E-015   6.42402586917255     
 -2.370659396354713E-015  4.778818645528180E-015  -9.50740742700187     
   3.63107359105284      -7.765433614703124E-015  1.804231155302986E-015
   3.63107359105284      -3.660266534311063E-015   3.63107359105284     
