   1.84460169508834      -0.545118840484566       4.860703908066584E-003
  4.860703344715701E-003 -4.860703517051675E-003 -4.274357302327715E-003
 -4.274355753316499E-003  4.274356170320603E-003  4.469677450806953E-002
 -8.759427166867144E-004 -8.759411103182272E-004  8.759402162742659E-004
  7.685648964046388E-004  7.685633829164344E-004 -7.685627406326654E-004
   7.07364875858136      -2.000091816808890E-002  2.000092146122970E-002
  -10.8382831268319       1.798026232173440E-002 -1.798026489408414E-002
   7.07364876569873       2.000089246929825E-002  1.798025897183870E-002
  -10.8382831423825      -1.798023333853441E-002   7.07364877657302     
 -1.798026357638592E-002 -1.798023293366143E-002  -10.8382831655252     
   4.24612927795382      -1.563612071133755E-002  1.563612509804229E-002
   4.24612928552101       1.563609450824446E-002   4.24612929690990     
   1.84460319719149      -0.545117897097354      -4.855927219227153E-003
 -4.855927656690739E-003  4.855931551479658E-003  4.268755335784843E-003
  4.268755729823817E-003 -4.268761739578224E-003  4.469658531523679E-002
  8.686091895056548E-004  8.686109053064414E-004 -8.686090290696935E-004
 -7.629446532999304E-004 -7.629460943270514E-004  7.629449165238977E-004
   7.07364429226283      -1.998994223629879E-002  1.998994968209378E-002
  -10.8382698312384       1.796410353407600E-002 -1.796410906929493E-002
   7.07364430054492       1.998992439791522E-002  1.796409814614199E-002
  -10.8382698498254      -1.796408008298716E-002   7.07364431035443     
 -1.796410857906129E-002 -1.796408195547926E-002  -10.8382698702120     
   4.24612268085201      -1.561866195138024E-002  1.561866967209382E-002
   4.24612269021121       1.561864234030257E-002   4.24612269964980     
