   1.73650785881113      -0.352270774787487      -6.946546246620760E-019
 -5.874861885917464E-019 -1.301042606982605E-018  5.636179793477696E-019
  1.876265169221581E-019  2.168404344971009E-019  2.357144697774372E-002
  9.775944128427454E-020 -3.651030292576479E-020  0.000000000000000E+000
 -9.192083667100100E-020 -1.994670393361518E-019 -2.710505431213761E-020
   6.42317496590206      -1.378768210853602E-014  3.271449410658359E-015
  -9.50569185275420       1.020595606354750E-014 -2.366698560375868E-015
   6.42317496590206      -6.498274141009119E-015  1.020246271651246E-014
  -9.50569185275420       4.777428452840127E-015   6.42317496590205     
 -2.377406278884684E-015  4.764882401515807E-015  -9.50569185275420     
   3.63028355605780      -7.765329836180875E-015  1.811126514293361E-015
   3.63028355605780      -3.642919299551295E-015   3.63028355605780     
   1.73650785881113      -0.352270774787487       6.946543461427628E-019
  1.538049110072130E-019  4.336808689942018E-019 -4.551976035689221E-019
  2.460548603507757E-019 -1.951563910473908E-018  2.357144697774372E-002
 -9.775908263655090E-020  3.651041732647698E-020  0.000000000000000E+000
 -4.360459611081471E-020 -1.737350711859535E-020  5.421010862427522E-020
   6.42317496590206      -1.378768211748558E-014  3.292266098492105E-015
  -9.50569185275421       1.019207828388123E-014 -2.366698568916583E-015
   6.42317496590206      -6.470518565393490E-015  1.023715719091240E-014
  -9.50569185275420       4.791306240647941E-015   6.42317496590205     
 -2.356589606744333E-015  4.740596274555824E-015  -9.50569185275420     
   3.63028355605780      -7.772268737856935E-015  1.804187626899565E-015
   3.63028355605780      -3.646388746503249E-015   3.63028355605780     
