   1.74409652631162      -0.360819530314777       3.535829453584690E-019
 -6.047841415687786E-019 -2.168404344971009E-018  1.578669604945290E-018
 -6.602222375523648E-019 -2.168404344971009E-019  2.435725746907477E-002
 -6.928577794261724E-021  2.516052465831768E-020  5.421010862427522E-020
 -1.616397606549608E-019 -2.064307849270722E-019 -8.131516293641283E-020
   6.26984026412416      -1.349815663326424E-014  3.194700762338752E-015
  -9.20699818944790       9.847132985720040E-015 -2.345490299797007E-015
   6.26984026412416      -6.272760089132134E-015  9.862233155868352E-015
  -9.20699818944790       4.603956105242446E-015   6.26984026412416     
 -2.333180473598690E-015  4.592281475683754E-015  -9.20699818944791     
   3.50025161414737      -7.483410321120689E-015  1.748431227012635E-015
   3.50025161414737      -3.570060913560269E-015   3.50025161414737     
   1.74409652631162      -0.360819530314777      -3.535810507994759E-019
  6.047838955027068E-019  2.168404344971009E-018 -7.113114456083513E-019
  2.265413679990386E-019  2.168404344971009E-019  2.435725746907476E-002
  6.928761875362435E-021  2.904978577823849E-020 -5.421010862427522E-020
 -9.898062794121375E-022  4.380051307697055E-020  8.131516293641283E-020
   6.26984026412416      -1.348427870472102E-014  3.194700730449163E-015
  -9.20699818944790       9.854071723712802E-015 -2.338551378509596E-015
   6.26984026412417      -6.307454558651671E-015  9.883049821932359E-015
  -9.20699818944791       4.593547764386585E-015   6.26984026412416     
 -2.340119290026600E-015  4.574934130672436E-015  -9.20699818944790     
   3.50025161414737      -7.483410163711229E-015  1.755370089373509E-015
   3.50025161414737      -3.576999807464176E-015   3.50025161414737     
