   1.73214354549520      -0.347388229695566       9.379892494491365E-019
  7.174994555281910E-019 -4.336808689942018E-019  5.554641436959124E-019
  6.162445367167266E-019  8.673617379884035E-019  2.310286795485213E-002
 -3.910369442456726E-020  1.709115516183555E-020  1.355252715606881E-019
 -4.943800395749387E-020 -3.602445748929670E-020  1.626303258728257E-019
   6.39801281022268      -1.373774946022954E-014  3.264644757646057E-015
  -9.45169248075694       1.014204344284451E-014 -2.380721082000783E-015
   6.39801281022268      -6.477457459297398E-015  1.014703427031954E-014
  -9.45169248075694       4.767020111984266E-015   6.39801281022268     
 -2.362890445044420E-015  4.725883635996649E-015  -9.45169248075694     
   3.60241355739623      -7.694429286611821E-015  1.776598163018823E-015
   3.60241355739623      -3.639449852599341E-015   3.60241355739623     
   1.73214354549520      -0.347388229695566       1.230415587433308E-018
  5.835432585291305E-019  1.301042606982605E-018 -6.638846611301965E-019
 -6.162446490211553E-019  0.000000000000000E+000  2.310286795485215E-002
  3.910342356265462E-020 -1.709117501437372E-020 -1.355252715606881E-019
  9.009562204085339E-020 -1.808159704377549E-019 -2.710505431213761E-020
   6.39801281022268      -1.374468832327230E-014  3.271583653823934E-015
  -9.45169248075694       1.014898230550941E-014 -2.359904406811663E-015
   6.39801281022268      -6.435824095873954E-015  1.014703427404674E-014
  -9.45169248075694       4.780897899792080E-015   6.39801281022268     
 -2.369829302719377E-015  4.746700298283001E-015  -9.45169248075694     
   3.60241355739623      -7.701368149594602E-015  1.797414852683275E-015
   3.60241355739623      -3.622102617839573E-015   3.60241355739623     
