   1.73650515553487      -0.352266733185291       1.727052987838576E-019
 -1.538060536580014E-019 -1.301042606982605E-018  1.539401281772419E-018
 -2.460537950701285E-019  1.084202172485504E-018  2.357107828711102E-002
  2.892432335746708E-021  1.770006900038419E-020  1.219727444046192E-019
 -3.771140698664060E-020 -9.104707826627799E-020 -2.710505431213761E-020
   6.42316570604211      -1.380155957556880E-014  3.278388293598985E-015
  -9.50567232289406       1.019207792842712E-014 -2.366698553189417E-015
   6.42316570604212      -6.463579671489583E-015  1.023021828802154E-014
  -9.50567232289406       4.791306240647941E-015   6.42316570604211     
 -2.377406096374051E-015  4.778759995027926E-015  -9.50567232289406     
   3.63027450699453      -7.772268396214558E-015  1.804187621469254E-015
   3.63027450699453      -3.646388746503249E-015   3.63027450699453     
   1.73650515553487      -0.352266733185291      -1.727055771890272E-019
  1.538056451571923E-019  1.301042606982605E-018 -5.636191681176036E-019
  2.460543032349226E-019 -2.168404344971009E-019  2.357107828711102E-002
 -1.113122910306182E-019 -1.769995461073563E-020 -1.355252715606881E-020
 -7.070897141553424E-020  9.104696632437099E-020  2.710505431213761E-020
   6.42316570604211      -1.378074290280241E-014  3.285327193626346E-015
  -9.50567232289406       1.019901683046817E-014 -2.366698561731492E-015
   6.42316570604212      -6.484396353201305E-015  1.023715718680664E-014
  -9.50567232289406       4.805184028455756E-015   6.42316570604211     
 -2.356589424238443E-015  4.754473868065101E-015  -9.50567232289406     
   3.63027450699453      -7.758390616174724E-015  1.811126521884592E-015
   3.63027450699453      -3.642919299551295E-015   3.63027450699453     
