   1.73585380520614      -0.352139525588808       1.029191092405648E-018
  7.137104307143067E-019 -2.168404344971009E-019  6.777906416959875E-019
  6.210770202513124E-019  1.084202172485504E-018  2.354367698846739E-002
  9.504803326290106E-023  1.746456621991474E-020  1.490777987167569E-019
  1.281270314815386E-019 -9.074709596203063E-020 -1.355252715606881E-019
   6.42594640732873      -1.380191439303751E-014  3.299289499026575E-015
  -9.51057328666215       1.017168662923117E-014 -2.359846782291940E-015
   6.42594640732873      -6.449701883681769E-015  1.021639028478883E-014
  -9.51057328666215       4.760081218080359E-015   6.42594640732873     
 -2.383452250299344E-015  4.775906741331991E-015  -9.51057328666215     
   3.63245114449504      -7.744902857808331E-015  1.804314852045685E-015
   3.63245114449504      -3.632510958695434E-015   3.63245114449504     
   1.73585380520614      -0.352139525588808       1.139211571407869E-018
  1.454693848410858E-018  1.084202172485504E-018 -1.653570775569881E-018
 -1.873961292724662E-019 -2.168404344971009E-019  2.354367698846740E-002
  4.056288047242947E-020  3.674552366705896E-020 -1.355252715606881E-019
 -1.552323325410740E-019  1.991673136081687E-019  0.000000000000000E+000
   6.42594640732873      -1.380191438394384E-014  3.299289485303016E-015
  -9.51057328666215       1.019250330161658E-014 -2.366785662216556E-015
   6.42594640732873      -6.449701883681769E-015  1.021639027680067E-014
  -9.51057328666216       4.773959005888173E-015   6.42594640732873     
 -2.390391157248781E-015  4.762028942794824E-015  -9.51057328666215     
   3.63245114449504      -7.744902849662031E-015  1.804314836890257E-015
   3.63245114449504      -3.660266534311063E-015   3.63245114449504     
