!    ibrav = 0, nat = 54, ntyp = 1
CELL_PARAMETERS bohr
  -10.1257353488152297    0.0000000000000000   10.1257353488152297
    0.0000000000000000   10.1257353488152297   10.1257353488152297
  -10.1257353488152297   10.1257353488152297    0.0000000000000000
ATOMIC_SPECIES
  C   12.01070   C.pbe-n-kjpaw_psl.1.0.0.UPF
ATOMIC_POSITIONS crystal
  C   0.9986033472990793  0.0000000000000000  0.0000000000000000
  C   0.3333333333333333  0.0000000000000000  0.0000000000000000
  C   0.6666666666666666  0.0000000000000000  0.0000000000000000
  C   0.0000000000000000  0.3333333333333333  0.0000000000000000
  C   0.3333333333333333  0.3333333333333333  0.0000000000000000
  C   0.6666666666666666  0.3333333333333333  0.0000000000000000
  C   0.0000000000000000  0.6666666666666666  0.0000000000000000
  C   0.3333333333333334  0.6666666666666666  0.0000000000000000
  C   0.6666666666666666  0.6666666666666665  0.0000000000000000
  C   0.0000000000000000  0.0000000000000000  0.3333333333333333
  C   0.3333333333333333  0.0000000000000000  0.3333333333333333
  C   0.6666666666666666  0.9999999999999999  0.3333333333333333
  C   0.0000000000000000  0.3333333333333333  0.3333333333333333
  C   0.3333333333333333  0.3333333333333333  0.3333333333333333
  C   0.6666666666666667  0.3333333333333333  0.3333333333333333
  C   0.0000000000000000  0.6666666666666666  0.3333333333333333
  C   0.3333333333333333  0.6666666666666666  0.3333333333333333
  C   0.6666666666666666  0.6666666666666666  0.3333333333333334
  C   0.0000000000000000  0.0000000000000000  0.6666666666666666
  C   0.3333333333333334  0.9999999999999999  0.6666666666666666
  C   0.6666666666666666  0.0000000000000000  0.6666666666666666
  C   0.0000000000000000  0.3333333333333333  0.6666666666666666
  C   0.3333333333333333  0.3333333333333333  0.6666666666666667
  C   0.6666666666666666  0.3333333333333334  0.6666666666666665
  C   0.0000000000000000  0.6666666666666665  0.6666666666666666
  C   0.3333333333333334  0.6666666666666666  0.6666666666666665
  C   0.6666666666666666  0.6666666666666665  0.6666666666666666
  C   0.0834630155333333  0.0834630155333333  0.0834630155333333
  C   0.4167963488666667  0.0834630155333333  0.0834630155333334
  C   0.7501296822000000  0.0834630155333334  0.0834630155333333
  C   0.0834630155333333  0.4167963488666667  0.0834630155333334
  C   0.4167963488666667  0.4167963488666667  0.0834630155333333
  C   0.7501296822000000  0.4167963488666666  0.0834630155333334
  C   0.0834630155333333  0.7501296822000001  0.0834630155333333
  C   0.4167963488666666  0.7501296822000000  0.0834630155333334
  C   0.7501296822000000  0.7501296822000000  0.0834630155333334
  C   0.0834630155333333  0.0834630155333333  0.4167963488666666
  C   0.4167963488666667  0.0834630155333333  0.4167963488666667
  C   0.7501296822000000  0.0834630155333334  0.4167963488666666
  C   0.0834630155333333  0.4167963488666667  0.4167963488666667
  C   0.4167963488666667  0.4167963488666667  0.4167963488666667
  C   0.7501296821999999  0.4167963488666667  0.4167963488666667
  C   0.0834630155333334  0.7501296822000000  0.4167963488666666
  C   0.4167963488666667  0.7501296821999999  0.4167963488666667
  C   0.7501296822000000  0.7501296822000000  0.4167963488666665
  C   0.0834630155333333  0.0834630155333333  0.7501296822000000
  C   0.4167963488666666  0.0834630155333334  0.7501296822000000
  C   0.7501296822000000  0.0834630155333334  0.7501296822000000
  C   0.0834630155333334  0.4167963488666666  0.7501296822000000
  C   0.4167963488666666  0.4167963488666667  0.7501296821999998
  C   0.7501296822000000  0.4167963488666666  0.7501296822000000
  C   0.0834630155333334  0.7501296822000000  0.7501296822000000
  C   0.4167963488666666  0.7501296822000000  0.7501296822000000
  C   0.7501296822000000  0.7501296822000000  0.7501296822000000