Automatically generated mesh
     752
Reciprocal lattice
    0.00000000000000    0.00000000000000    0.00000000000000             1
    0.03333333333335    0.00000000000000    0.00000000000000             8
    0.06666666666668    0.00000000000000    0.00000000000000             8
    0.10000000000000    0.00000000000000    0.00000000000000             8
    0.13333333333334   -0.00000000000001    0.00000000000000             8
    0.16666666666667    0.00000000000000    0.00000000000000             8
    0.20000000000000    0.00000000000000    0.00000000000000             8
    0.23333333333333    0.00000000000000    0.00000000000000             8
    0.26666666666667    0.00000000000000    0.00000000000000             8
    0.30000000000001    0.00000000000000    0.00000000000000             8
    0.33333333333334    0.00000000000000    0.00000000000000             8
    0.36666666666667   -0.00000000000001    0.00000000000000             8
    0.40000000000000    0.00000000000000    0.00000000000000             8
    0.43333333333333    0.00000000000001    0.00000000000000             8
    0.46666666666667    0.00000000000000    0.00000000000000             8
    0.49999999999999    0.00000000000001    0.00000000000000             4
    0.03333333333333    0.03333333333334    0.00000000000000             6
    0.06666666666668    0.03333333333334    0.00000000000000            24
    0.10000000000002    0.03333333333333    0.00000000000000            24
    0.13333333333333    0.03333333333333    0.00000000000000            24
    0.16666666666667    0.03333333333333    0.00000000000000            24
    0.20000000000000    0.03333333333333    0.00000000000000            24
    0.23333333333334    0.03333333333333    0.00000000000000            24
    0.26666666666668    0.03333333333333    0.00000000000000            24
    0.30000000000000    0.03333333333332    0.00000000000000            24
    0.33333333333334    0.03333333333333    0.00000000000000            24
    0.36666666666668    0.03333333333335    0.00000000000000            24
    0.40000000000000    0.03333333333335    0.00000000000000            24
    0.43333333333332    0.03333333333335    0.00000000000000            24
    0.46666666666666    0.03333333333334    0.00000000000000            24
    0.50000000000000    0.03333333333335    0.00000000000000            24
   -0.46666666666665    0.03333333333333    0.00000000000000            24
   -0.43333333333334    0.03333333333333    0.00000000000000            24
   -0.40000000000000    0.03333333333334    0.00000000000000            24
   -0.36666666666667    0.03333333333334    0.00000000000000            24
   -0.33333333333333    0.03333333333334    0.00000000000000            24
   -0.30000000000000    0.03333333333335    0.00000000000000            24
   -0.26666666666667    0.03333333333335    0.00000000000000            24
   -0.23333333333333    0.03333333333334    0.00000000000000            24
   -0.19999999999999    0.03333333333333    0.00000000000000            24
   -0.16666666666666    0.03333333333334    0.00000000000000            24
   -0.13333333333334    0.03333333333334    0.00000000000000            24
   -0.10000000000000    0.03333333333333    0.00000000000000            24
   -0.06666666666666    0.03333333333333    0.00000000000000            24
   -0.03333333333333    0.03333333333333    0.00000000000000            12
    0.06666666666667    0.06666666666666    0.00000000000000             6
    0.10000000000000    0.06666666666666    0.00000000000000            24
    0.13333333333333    0.06666666666666    0.00000000000000            24
    0.16666666666667    0.06666666666666    0.00000000000000            24
    0.20000000000001    0.06666666666666    0.00000000000000            24
    0.23333333333334    0.06666666666667    0.00000000000000            24
    0.26666666666667    0.06666666666666    0.00000000000000            24
    0.30000000000001    0.06666666666666    0.00000000000000            24
    0.33333333333335    0.06666666666668    0.00000000000000            24
    0.36666666666665    0.06666666666668    0.00000000000000            24
    0.40000000000000    0.06666666666668    0.00000000000000            24
    0.43333333333333    0.06666666666668    0.00000000000000            24
    0.46666666666667    0.06666666666668    0.00000000000000            24
    0.50000000000000    0.06666666666666    0.00000000000000            24
   -0.46666666666667    0.06666666666667    0.00000000000000            24
   -0.43333333333333    0.06666666666668    0.00000000000000            24
   -0.39999999999999    0.06666666666667    0.00000000000000            24
   -0.36666666666667    0.06666666666668    0.00000000000000            24
   -0.33333333333333    0.06666666666667    0.00000000000000            24
   -0.30000000000000    0.06666666666667    0.00000000000000            24
   -0.26666666666666    0.06666666666666    0.00000000000000            24
   -0.23333333333333    0.06666666666667    0.00000000000000            24
   -0.20000000000001    0.06666666666666    0.00000000000000            24
   -0.16666666666666    0.06666666666667    0.00000000000000            24
   -0.13333333333333    0.06666666666667    0.00000000000000            24
   -0.09999999999999    0.06666666666668    0.00000000000000            24
   -0.06666666666667    0.06666666666666    0.00000000000000            12
    0.10000000000000    0.10000000000000    0.00000000000000             6
    0.13333333333333    0.10000000000000    0.00000000000000            24
    0.16666666666667    0.10000000000000    0.00000000000000            24
    0.20000000000000    0.10000000000000    0.00000000000000            24
    0.23333333333334    0.10000000000000    0.00000000000000            24
    0.26666666666668    0.10000000000000    0.00000000000000            24
    0.30000000000001    0.10000000000000    0.00000000000000            24
    0.33333333333333    0.10000000000001    0.00000000000000            24
    0.36666666666667    0.10000000000001    0.00000000000000            24
    0.40000000000000    0.10000000000001    0.00000000000000            24
    0.43333333333333    0.10000000000001    0.00000000000000            24
    0.46666666666667    0.10000000000001    0.00000000000000            24
    0.50000000000000    0.10000000000000    0.00000000000000            24
   -0.46666666666666    0.10000000000001    0.00000000000000            24
   -0.43333333333333    0.10000000000001    0.00000000000000            24
   -0.40000000000000    0.10000000000001    0.00000000000000            24
   -0.36666666666667    0.10000000000000    0.00000000000000            24
   -0.33333333333333    0.10000000000000    0.00000000000000            24
   -0.30000000000000    0.10000000000000    0.00000000000000            24
   -0.26666666666666    0.10000000000001    0.00000000000000            24
   -0.23333333333333    0.10000000000001    0.00000000000000            24
   -0.19999999999999    0.10000000000001    0.00000000000000            24
   -0.16666666666666    0.10000000000000    0.00000000000000            24
   -0.13333333333333    0.10000000000000    0.00000000000000            24
   -0.10000000000000    0.10000000000000    0.00000000000000            12
    0.13333333333333    0.13333333333333    0.00000000000000             6
    0.16666666666668    0.13333333333333    0.00000000000000            24
    0.20000000000000    0.13333333333333    0.00000000000000            24
    0.23333333333334    0.13333333333332    0.00000000000000            24
    0.26666666666668    0.13333333333334    0.00000000000000            24
    0.30000000000000    0.13333333333335    0.00000000000000            24
    0.33333333333334    0.13333333333335    0.00000000000000            24
    0.36666666666666    0.13333333333334    0.00000000000000            24
    0.40000000000000    0.13333333333333    0.00000000000000            24
    0.43333333333334    0.13333333333334    0.00000000000000            24
    0.46666666666668    0.13333333333333    0.00000000000000            24
    0.50000000000000    0.13333333333333    0.00000000000000            24
   -0.46666666666666    0.13333333333334    0.00000000000000            24
   -0.43333333333334    0.13333333333333    0.00000000000000            24
   -0.40000000000000    0.13333333333334    0.00000000000000            24
   -0.36666666666667    0.13333333333333    0.00000000000000            24
   -0.33333333333333    0.13333333333334    0.00000000000000            24
   -0.29999999999999    0.13333333333333    0.00000000000000            24
   -0.26666666666666    0.13333333333334    0.00000000000000            24
   -0.23333333333333    0.13333333333333    0.00000000000000            24
   -0.19999999999999    0.13333333333334    0.00000000000000            24
   -0.16666666666666    0.13333333333333    0.00000000000000            24
   -0.13333333333333    0.13333333333333    0.00000000000000            12
    0.16666666666667    0.16666666666666    0.00000000000000             6
    0.20000000000001    0.16666666666666    0.00000000000000            24
    0.23333333333335    0.16666666666668    0.00000000000000            24
    0.26666666666665    0.16666666666667    0.00000000000000            24
    0.30000000000000    0.16666666666668    0.00000000000000            24
    0.33333333333333    0.16666666666667    0.00000000000000            24
    0.36666666666667    0.16666666666667    0.00000000000000            24
    0.40000000000001    0.16666666666667    0.00000000000000            24
    0.43333333333333    0.16666666666667    0.00000000000000            24
    0.46666666666667    0.16666666666667    0.00000000000000            24
    0.50000000000002    0.16666666666667    0.00000000000000            24
   -0.46666666666667    0.16666666666667    0.00000000000000            24
   -0.43333333333334    0.16666666666668    0.00000000000000            24
   -0.40000000000000    0.16666666666667    0.00000000000000            24
   -0.36666666666667    0.16666666666667    0.00000000000000            24
   -0.33333333333332    0.16666666666667    0.00000000000000            24
   -0.30000000000000    0.16666666666667    0.00000000000000            24
   -0.26666666666666    0.16666666666667    0.00000000000000            24
   -0.23333333333333    0.16666666666667    0.00000000000000            24
   -0.19999999999999    0.16666666666667    0.00000000000000            24
   -0.16666666666666    0.16666666666667    0.00000000000000            12
    0.20000000000000    0.20000000000000    0.00000000000000             6
    0.23333333333333    0.20000000000001    0.00000000000000            24
    0.26666666666667    0.20000000000001    0.00000000000000            24
    0.30000000000000    0.20000000000000    0.00000000000000            24
    0.33333333333333    0.20000000000000    0.00000000000000            24
    0.36666666666667    0.20000000000000    0.00000000000000            24
    0.40000000000000    0.20000000000000    0.00000000000000            24
    0.43333333333335    0.20000000000000    0.00000000000000            24
    0.46666666666668    0.20000000000001    0.00000000000000            24
    0.49999999999999    0.20000000000000    0.00000000000000            24
   -0.46666666666667    0.20000000000001    0.00000000000000            24
   -0.43333333333334    0.20000000000000    0.00000000000000            24
   -0.39999999999999    0.20000000000000    0.00000000000000            24
   -0.36666666666667    0.20000000000000    0.00000000000000            24
   -0.33333333333334    0.20000000000000    0.00000000000000            24
   -0.30000000000000    0.20000000000001    0.00000000000000            24
   -0.26666666666666    0.20000000000000    0.00000000000000            24
   -0.23333333333333    0.20000000000000    0.00000000000000            24
   -0.20000000000000    0.20000000000000    0.00000000000000            12
    0.23333333333334    0.23333333333335    0.00000000000000             6
    0.26666666666666    0.23333333333334    0.00000000000000            24
    0.30000000000000    0.23333333333334    0.00000000000000            24
    0.33333333333334    0.23333333333334    0.00000000000000            24
    0.36666666666668    0.23333333333334    0.00000000000000            24
    0.40000000000000    0.23333333333334    0.00000000000000            24
    0.43333333333334    0.23333333333334    0.00000000000000            24
    0.46666666666666    0.23333333333334    0.00000000000000            24
    0.50000000000000    0.23333333333334    0.00000000000000            24
   -0.46666666666666    0.23333333333334    0.00000000000000            24
   -0.43333333333334    0.23333333333334    0.00000000000000            24
   -0.40000000000000    0.23333333333334    0.00000000000000            24
   -0.36666666666667    0.23333333333334    0.00000000000000            24
   -0.33333333333333    0.23333333333334    0.00000000000000            24
   -0.30000000000000    0.23333333333334    0.00000000000000            24
   -0.26666666666666    0.23333333333333    0.00000000000000            24
   -0.23333333333333    0.23333333333333    0.00000000000000            12
    0.26666666666667    0.26666666666667    0.00000000000000             6
    0.30000000000001    0.26666666666667    0.00000000000000            24
    0.33333333333333    0.26666666666667    0.00000000000000            24
    0.36666666666667    0.26666666666667    0.00000000000000            24
    0.40000000000001    0.26666666666667    0.00000000000000            24
    0.43333333333333    0.26666666666667    0.00000000000000            24
    0.46666666666666    0.26666666666667    0.00000000000000            24
    0.50000000000000    0.26666666666667    0.00000000000000            24
   -0.46666666666667    0.26666666666667    0.00000000000000            24
   -0.43333333333332    0.26666666666667    0.00000000000000            24
   -0.40000000000000    0.26666666666667    0.00000000000000            24
   -0.36666666666667    0.26666666666667    0.00000000000000            24
   -0.33333333333333    0.26666666666667    0.00000000000000            24
   -0.30000000000000    0.26666666666666    0.00000000000000            24
   -0.26666666666666    0.26666666666667    0.00000000000000            12
    0.30000000000000    0.30000000000001    0.00000000000000             6
    0.33333333333334    0.30000000000001    0.00000000000000            24
    0.36666666666668    0.30000000000001    0.00000000000000            24
    0.39999999999999    0.30000000000001    0.00000000000000            24
    0.43333333333333    0.30000000000000    0.00000000000000            24
    0.46666666666667    0.30000000000001    0.00000000000000            24
    0.50000000000000    0.30000000000000    0.00000000000000            24
   -0.46666666666666    0.30000000000000    0.00000000000000            24
   -0.43333333333334    0.30000000000000    0.00000000000000            24
   -0.40000000000000    0.30000000000001    0.00000000000000            24
   -0.36666666666666    0.30000000000001    0.00000000000000            24
   -0.33333333333333    0.30000000000000    0.00000000000000            24
   -0.30000000000000    0.30000000000001    0.00000000000000            12
    0.33333333333334    0.33333333333334    0.00000000000000             6
    0.36666666666666    0.33333333333334    0.00000000000000            24
    0.40000000000000    0.33333333333333    0.00000000000000            24
    0.43333333333334    0.33333333333334    0.00000000000000            24
    0.46666666666666    0.33333333333334    0.00000000000000            24
    0.50000000000000    0.33333333333334    0.00000000000000            24
   -0.46666666666667    0.33333333333334    0.00000000000000            24
   -0.43333333333333    0.33333333333334    0.00000000000000            24
   -0.40000000000000    0.33333333333334    0.00000000000000            24
   -0.36666666666667    0.33333333333333    0.00000000000000            24
   -0.33333333333333    0.33333333333334    0.00000000000000            12
    0.36666666666667    0.36666666666667    0.00000000000000             6
    0.40000000000000    0.36666666666667    0.00000000000000            24
    0.43333333333333    0.36666666666667    0.00000000000000            24
    0.46666666666667    0.36666666666667    0.00000000000000            24
    0.50000000000001    0.36666666666667    0.00000000000000            24
   -0.46666666666667    0.36666666666667    0.00000000000000            24
   -0.43333333333333    0.36666666666666    0.00000000000000            24
   -0.40000000000000    0.36666666666666    0.00000000000000            24
   -0.36666666666667    0.36666666666666    0.00000000000000            12
    0.40000000000000    0.40000000000000    0.00000000000000             6
    0.43333333333335    0.40000000000000    0.00000000000000            24
    0.46666666666666    0.40000000000000    0.00000000000000            24
    0.50000000000000    0.40000000000000    0.00000000000000            24
   -0.46666666666666    0.40000000000000    0.00000000000000            24
   -0.43333333333333    0.40000000000000    0.00000000000000            24
   -0.40000000000000    0.40000000000000    0.00000000000000            12
    0.43333333333333    0.43333333333334    0.00000000000000             6
    0.46666666666668    0.43333333333334    0.00000000000000            24
    0.50000000000002    0.43333333333333    0.00000000000000            24
   -0.46666666666666    0.43333333333333    0.00000000000000            24
   -0.43333333333334    0.43333333333333    0.00000000000000            12
    0.46666666666667    0.46666666666666    0.00000000000000             6
    0.50000000000001    0.46666666666666    0.00000000000000            24
   -0.46666666666667    0.46666666666667    0.00000000000000            12
    0.50000000000000    0.50000000000000    0.00000000000000             3
    0.10000000000000    0.06666666666666    0.03333333333333            24
    0.13333333333334    0.06666666666667    0.03333333333333            48
    0.16666666666668    0.06666666666667    0.03333333333333            48
    0.20000000000000    0.06666666666667    0.03333333333333            48
    0.23333333333333    0.06666666666666    0.03333333333333            48
    0.26666666666667    0.06666666666666    0.03333333333333            48
    0.30000000000001    0.06666666666666    0.03333333333333            48
    0.33333333333334    0.06666666666666    0.03333333333333            48
    0.36666666666667    0.06666666666666    0.03333333333333            48
    0.40000000000000    0.06666666666666    0.03333333333333            48
    0.43333333333335    0.06666666666669    0.03333333333333            48
    0.46666666666667    0.06666666666668    0.03333333333333            48
    0.49999999999999    0.06666666666668    0.03333333333333            48
   -0.46666666666667    0.06666666666667    0.03333333333333            24
    0.13333333333333    0.10000000000000    0.03333333333333            24
    0.16666666666667    0.10000000000000    0.03333333333333            48
    0.20000000000000    0.10000000000000    0.03333333333333            48
    0.23333333333334    0.09999999999999    0.03333333333333            48
    0.26666666666668    0.10000000000000    0.03333333333333            48
    0.30000000000000    0.10000000000000    0.03333333333333            48
    0.33333333333334    0.10000000000000    0.03333333333333            48
    0.36666666666668    0.10000000000000    0.03333333333333            48
    0.40000000000001    0.10000000000001    0.03333333333333            48
    0.43333333333332    0.10000000000000    0.03333333333333            48
    0.46666666666666    0.10000000000001    0.03333333333333            48
    0.50000000000000    0.10000000000000    0.03333333333333            48
   -0.46666666666665    0.10000000000000    0.03333333333333            48
   -0.43333333333333    0.10000000000000    0.03333333333333            48
   -0.40000000000000    0.10000000000000    0.03333333333333            48
   -0.36666666666667    0.10000000000001    0.03333333333333            48
   -0.33333333333333    0.10000000000000    0.03333333333333            48
   -0.30000000000000    0.10000000000000    0.03333333333333            48
   -0.26666666666667    0.10000000000000    0.03333333333333            48
   -0.23333333333333    0.10000000000000    0.03333333333333            48
   -0.19999999999999    0.10000000000001    0.03333333333333            48
   -0.16666666666666    0.10000000000001    0.03333333333333            48
   -0.13333333333334    0.10000000000000    0.03333333333333            48
   -0.10000000000000    0.10000000000000    0.03333333333333            48
   -0.06666666666666    0.10000000000000    0.03333333333333            24
    0.16666666666667    0.13333333333333    0.03333333333333            24
    0.20000000000000    0.13333333333333    0.03333333333333            48
    0.23333333333334    0.13333333333333    0.03333333333333            48
    0.26666666666667    0.13333333333333    0.03333333333333            48
    0.30000000000001    0.13333333333333    0.03333333333333            48
    0.33333333333334    0.13333333333333    0.03333333333333            48
    0.36666666666667    0.13333333333334    0.03333333333333            48
    0.40000000000000    0.13333333333333    0.03333333333333            48
    0.43333333333333    0.13333333333334    0.03333333333333            48
    0.46666666666667    0.13333333333333    0.03333333333333            48
    0.50000000000000    0.13333333333335    0.03333333333333            48
   -0.46666666666667    0.13333333333334    0.03333333333333            48
   -0.43333333333333    0.13333333333333    0.03333333333333            48
   -0.40000000000000    0.13333333333334    0.03333333333333            48
   -0.36666666666667    0.13333333333334    0.03333333333333            48
   -0.33333333333333    0.13333333333334    0.03333333333333            48
   -0.30000000000000    0.13333333333333    0.03333333333333            48
   -0.26666666666666    0.13333333333333    0.03333333333333            48
   -0.23333333333333    0.13333333333333    0.03333333333333            48
   -0.20000000000000    0.13333333333333    0.03333333333333            48
   -0.16666666666666    0.13333333333333    0.03333333333333            48
   -0.13333333333333    0.13333333333333    0.03333333333333            48
   -0.10000000000000    0.13333333333334    0.03333333333333            24
    0.20000000000000    0.16666666666667    0.03333333333333            24
    0.23333333333334    0.16666666666667    0.03333333333333            48
    0.26666666666667    0.16666666666667    0.03333333333333            48
    0.30000000000000    0.16666666666666    0.03333333333333            48
    0.33333333333334    0.16666666666667    0.03333333333333            48
    0.36666666666667    0.16666666666667    0.03333333333333            48
    0.40000000000000    0.16666666666667    0.03333333333333            48
    0.43333333333333    0.16666666666668    0.03333333333333            48
    0.46666666666667    0.16666666666667    0.03333333333333            48
    0.50000000000000    0.16666666666668    0.03333333333333            48
   -0.46666666666666    0.16666666666667    0.03333333333333            48
   -0.43333333333334    0.16666666666667    0.03333333333333            48
   -0.40000000000000    0.16666666666667    0.03333333333333            48
   -0.36666666666667    0.16666666666667    0.03333333333333            48
   -0.33333333333333    0.16666666666667    0.03333333333333            48
   -0.30000000000000    0.16666666666667    0.03333333333333            48
   -0.26666666666666    0.16666666666667    0.03333333333333            48
   -0.23333333333333    0.16666666666667    0.03333333333333            48
   -0.19999999999999    0.16666666666667    0.03333333333333            48
   -0.16666666666667    0.16666666666667    0.03333333333333            48
   -0.13333333333333    0.16666666666667    0.03333333333333            24
    0.23333333333334    0.20000000000000    0.03333333333333            24
    0.26666666666667    0.20000000000000    0.03333333333333            48
    0.30000000000001    0.20000000000001    0.03333333333333            48
    0.33333333333332    0.20000000000001    0.03333333333333            48
    0.36666666666666    0.20000000000001    0.03333333333333            48
    0.40000000000000    0.20000000000001    0.03333333333333            48
    0.43333333333334    0.20000000000000    0.03333333333333            48
    0.46666666666668    0.20000000000001    0.03333333333333            48
    0.50000000000000    0.20000000000000    0.03333333333333            48
   -0.46666666666667    0.20000000000000    0.03333333333333            48
   -0.43333333333333    0.20000000000001    0.03333333333333            48
   -0.40000000000000    0.20000000000001    0.03333333333333            48
   -0.36666666666667    0.20000000000001    0.03333333333333            48
   -0.33333333333333    0.20000000000000    0.03333333333333            48
   -0.30000000000000    0.20000000000000    0.03333333333333            48
   -0.26666666666666    0.20000000000000    0.03333333333333            48
   -0.23333333333333    0.20000000000000    0.03333333333333            48
   -0.20000000000000    0.20000000000000    0.03333333333333            48
   -0.16666666666666    0.20000000000000    0.03333333333333            24
    0.26666666666667    0.23333333333334    0.03333333333333            24
    0.30000000000000    0.23333333333334    0.03333333333333            48
    0.33333333333333    0.23333333333334    0.03333333333333            48
    0.36666666666667    0.23333333333334    0.03333333333333            48
    0.40000000000000    0.23333333333334    0.03333333333333            48
    0.43333333333333    0.23333333333334    0.03333333333333            48
    0.46666666666667    0.23333333333334    0.03333333333333            48
    0.50000000000002    0.23333333333334    0.03333333333333            48
   -0.46666666666666    0.23333333333334    0.03333333333333            48
   -0.43333333333334    0.23333333333334    0.03333333333333            48
   -0.40000000000000    0.23333333333334    0.03333333333333            48
   -0.36666666666667    0.23333333333334    0.03333333333333            48
   -0.33333333333332    0.23333333333334    0.03333333333333            48
   -0.30000000000000    0.23333333333334    0.03333333333333            48
   -0.26666666666667    0.23333333333333    0.03333333333333            48
   -0.23333333333333    0.23333333333334    0.03333333333333            48
   -0.19999999999999    0.23333333333334    0.03333333333333            24
    0.30000000000000    0.26666666666667    0.03333333333333            24
    0.33333333333333    0.26666666666668    0.03333333333333            48
    0.36666666666667    0.26666666666668    0.03333333333333            48
    0.40000000000000    0.26666666666668    0.03333333333333            48
    0.43333333333335    0.26666666666667    0.03333333333333            48
    0.46666666666667    0.26666666666667    0.03333333333333            48
    0.50000000000000    0.26666666666667    0.03333333333333            48
   -0.46666666666667    0.26666666666667    0.03333333333333            48
   -0.43333333333334    0.26666666666667    0.03333333333333            48
   -0.39999999999999    0.26666666666667    0.03333333333333            48
   -0.36666666666667    0.26666666666667    0.03333333333333            48
   -0.33333333333333    0.26666666666667    0.03333333333333            48
   -0.30000000000000    0.26666666666667    0.03333333333333            48
   -0.26666666666666    0.26666666666667    0.03333333333333            48
   -0.23333333333334    0.26666666666667    0.03333333333333            24
    0.33333333333334    0.30000000000001    0.03333333333333            24
    0.36666666666668    0.30000000000001    0.03333333333333            48
    0.40000000000000    0.30000000000000    0.03333333333333            48
    0.43333333333334    0.30000000000001    0.03333333333333            48
    0.46666666666668    0.30000000000000    0.03333333333333            48
    0.50000000000000    0.30000000000001    0.03333333333333            48
   -0.46666666666667    0.30000000000001    0.03333333333333            48
   -0.43333333333334    0.30000000000001    0.03333333333333            48
   -0.40000000000000    0.30000000000001    0.03333333333333            48
   -0.36666666666666    0.30000000000000    0.03333333333333            48
   -0.33333333333333    0.30000000000000    0.03333333333333            48
   -0.30000000000000    0.30000000000000    0.03333333333333            48
   -0.26666666666666    0.30000000000001    0.03333333333333            24
    0.36666666666667    0.33333333333334    0.03333333333333            24
    0.40000000000001    0.33333333333334    0.03333333333333            48
    0.43333333333335    0.33333333333334    0.03333333333333            48
    0.46666666666666    0.33333333333334    0.03333333333333            48
    0.49999999999999    0.33333333333334    0.03333333333333            48
   -0.46666666666667    0.33333333333334    0.03333333333333            48
   -0.43333333333332    0.33333333333333    0.03333333333333            48
   -0.40000000000000    0.33333333333334    0.03333333333333            48
   -0.36666666666667    0.33333333333334    0.03333333333333            48
   -0.33333333333333    0.33333333333333    0.03333333333333            48
   -0.30000000000000    0.33333333333334    0.03333333333333            24
    0.40000000000000    0.36666666666667    0.03333333333333            24
    0.43333333333333    0.36666666666667    0.03333333333333            48
    0.46666666666666    0.36666666666667    0.03333333333333            48
    0.50000000000000    0.36666666666667    0.03333333333333            48
   -0.46666666666666    0.36666666666666    0.03333333333333            48
   -0.43333333333334    0.36666666666668    0.03333333333333            48
   -0.40000000000000    0.36666666666667    0.03333333333333            48
   -0.36666666666666    0.36666666666667    0.03333333333333            48
   -0.33333333333333    0.36666666666667    0.03333333333333            24
    0.43333333333333    0.40000000000001    0.03333333333333            24
    0.46666666666666    0.40000000000001    0.03333333333333            48
    0.50000000000000    0.40000000000001    0.03333333333333            48
   -0.46666666666666    0.40000000000001    0.03333333333333            48
   -0.43333333333333    0.40000000000000    0.03333333333333            48
   -0.40000000000000    0.40000000000001    0.03333333333333            48
   -0.36666666666667    0.40000000000000    0.03333333333333            24
    0.46666666666667    0.43333333333333    0.03333333333333            24
    0.50000000000001    0.43333333333333    0.03333333333333            48
   -0.46666666666667    0.43333333333334    0.03333333333333            48
   -0.43333333333333    0.43333333333333    0.03333333333333            48
   -0.40000000000000    0.43333333333334    0.03333333333333            24
    0.50000000000000    0.46666666666667    0.03333333333333            24
   -0.46666666666666    0.46666666666667    0.03333333333333            48
   -0.43333333333333    0.46666666666668    0.03333333333333            24
   -0.46666666666667    0.50000000000000    0.03333333333333            12
    0.20000000000000    0.13333333333333    0.06666666666667            24
    0.23333333333333    0.13333333333333    0.06666666666667            48
    0.26666666666667    0.13333333333333    0.06666666666667            48
    0.30000000000000    0.13333333333333    0.06666666666667            48
    0.33333333333334    0.13333333333333    0.06666666666667            48
    0.36666666666667    0.13333333333332    0.06666666666667            48
    0.40000000000000    0.13333333333333    0.06666666666667            48
    0.43333333333335    0.13333333333333    0.06666666666667            48
    0.46666666666668    0.13333333333335    0.06666666666667            48
    0.49999999999999    0.13333333333334    0.06666666666667            48
   -0.46666666666667    0.13333333333334    0.06666666666667            48
   -0.43333333333334    0.13333333333333    0.06666666666667            24
    0.23333333333334    0.16666666666667    0.06666666666667            24
    0.26666666666666    0.16666666666667    0.06666666666667            48
    0.30000000000000    0.16666666666667    0.06666666666667            48
    0.33333333333334    0.16666666666666    0.06666666666667            48
    0.36666666666668    0.16666666666667    0.06666666666667            48
    0.40000000000001    0.16666666666666    0.06666666666667            48
    0.43333333333334    0.16666666666668    0.06666666666667            48
    0.46666666666666    0.16666666666667    0.06666666666667            48
    0.50000000000000    0.16666666666667    0.06666666666667            48
   -0.46666666666666    0.16666666666667    0.06666666666667            48
   -0.43333333333334    0.16666666666667    0.06666666666667            48
   -0.40000000000000    0.16666666666667    0.06666666666667            48
   -0.36666666666667    0.16666666666667    0.06666666666667            48
   -0.33333333333333    0.16666666666668    0.06666666666667            48
   -0.30000000000000    0.16666666666667    0.06666666666667            48
   -0.26666666666667    0.16666666666667    0.06666666666667            48
   -0.23333333333333    0.16666666666667    0.06666666666667            48
   -0.19999999999999    0.16666666666667    0.06666666666667            48
   -0.16666666666666    0.16666666666667    0.06666666666667            48
   -0.13333333333333    0.16666666666667    0.06666666666667            48
   -0.10000000000000    0.16666666666667    0.06666666666667            24
    0.26666666666667    0.19999999999999    0.06666666666667            24
    0.30000000000001    0.20000000000000    0.06666666666667            48
    0.33333333333333    0.20000000000000    0.06666666666667            48
    0.36666666666667    0.20000000000000    0.06666666666667            48
    0.40000000000001    0.20000000000000    0.06666666666667            48
    0.43333333333333    0.20000000000000    0.06666666666667            48
    0.46666666666667    0.20000000000001    0.06666666666667            48
    0.50000000000000    0.20000000000000    0.06666666666667            48
   -0.46666666666667    0.20000000000000    0.06666666666667            48
   -0.43333333333332    0.20000000000000    0.06666666666667            48
   -0.40000000000000    0.20000000000000    0.06666666666667            48
   -0.36666666666667    0.20000000000000    0.06666666666667            48
   -0.33333333333333    0.20000000000001    0.06666666666667            48
   -0.30000000000000    0.20000000000000    0.06666666666667            48
   -0.26666666666666    0.20000000000000    0.06666666666667            48
   -0.23333333333333    0.20000000000000    0.06666666666667            48
   -0.20000000000000    0.20000000000000    0.06666666666667            48
   -0.16666666666666    0.20000000000001    0.06666666666667            48
   -0.13333333333333    0.20000000000000    0.06666666666667            24
    0.30000000000000    0.23333333333333    0.06666666666667            24
    0.33333333333334    0.23333333333333    0.06666666666667            48
    0.36666666666668    0.23333333333334    0.06666666666667            48
    0.39999999999999    0.23333333333335    0.06666666666667            48
    0.43333333333333    0.23333333333334    0.06666666666667            48
    0.46666666666667    0.23333333333334    0.06666666666667            48
    0.50000000000000    0.23333333333334    0.06666666666667            48
   -0.46666666666665    0.23333333333334    0.06666666666667            48
   -0.43333333333334    0.23333333333334    0.06666666666667            48
   -0.40000000000000    0.23333333333334    0.06666666666667            48
   -0.36666666666666    0.23333333333334    0.06666666666667            48
   -0.33333333333333    0.23333333333334    0.06666666666667            48
   -0.30000000000000    0.23333333333334    0.06666666666667            48
   -0.26666666666666    0.23333333333334    0.06666666666667            48
   -0.23333333333333    0.23333333333334    0.06666666666667            48
   -0.19999999999999    0.23333333333334    0.06666666666667            48
   -0.16666666666667    0.23333333333334    0.06666666666667            24
    0.33333333333334    0.26666666666668    0.06666666666667            24
    0.36666666666666    0.26666666666667    0.06666666666667            48
    0.40000000000000    0.26666666666667    0.06666666666667            48
    0.43333333333334    0.26666666666667    0.06666666666667            48
    0.46666666666666    0.26666666666667    0.06666666666667            48
    0.50000000000000    0.26666666666667    0.06666666666667            48
   -0.46666666666667    0.26666666666667    0.06666666666667            48
   -0.43333333333333    0.26666666666667    0.06666666666667            48
   -0.39999999999999    0.26666666666668    0.06666666666667            48
   -0.36666666666667    0.26666666666667    0.06666666666667            48
   -0.33333333333333    0.26666666666667    0.06666666666667            48
   -0.30000000000000    0.26666666666667    0.06666666666667            48
   -0.26666666666666    0.26666666666667    0.06666666666667            48
   -0.23333333333333    0.26666666666667    0.06666666666667            48
   -0.20000000000001    0.26666666666667    0.06666666666667            24
    0.36666666666667    0.30000000000001    0.06666666666667            24
    0.40000000000000    0.30000000000001    0.06666666666667            48
    0.43333333333333    0.30000000000001    0.06666666666667            48
    0.46666666666667    0.30000000000001    0.06666666666667            48
    0.50000000000001    0.30000000000001    0.06666666666667            48
   -0.46666666666667    0.30000000000001    0.06666666666667            48
   -0.43333333333333    0.30000000000000    0.06666666666667            48
   -0.40000000000000    0.30000000000001    0.06666666666667            48
   -0.36666666666667    0.30000000000001    0.06666666666667            48
   -0.33333333333332    0.30000000000000    0.06666666666667            48
   -0.30000000000000    0.30000000000000    0.06666666666667            48
   -0.26666666666666    0.30000000000001    0.06666666666667            48
   -0.23333333333333    0.30000000000001    0.06666666666667            24
    0.40000000000000    0.33333333333334    0.06666666666667            24
    0.43333333333335    0.33333333333334    0.06666666666667            48
    0.46666666666666    0.33333333333334    0.06666666666667            48
    0.50000000000000    0.33333333333334    0.06666666666667            48
   -0.46666666666666    0.33333333333333    0.06666666666667            48
   -0.43333333333334    0.33333333333334    0.06666666666667            48
   -0.40000000000000    0.33333333333334    0.06666666666667            48
   -0.36666666666667    0.33333333333334    0.06666666666667            48
   -0.33333333333333    0.33333333333334    0.06666666666667            48
   -0.29999999999999    0.33333333333334    0.06666666666667            48
   -0.26666666666666    0.33333333333334    0.06666666666667            24
    0.43333333333333    0.36666666666668    0.06666666666667            24
    0.46666666666668    0.36666666666668    0.06666666666667            48
    0.50000000000002    0.36666666666667    0.06666666666667            48
   -0.46666666666667    0.36666666666667    0.06666666666667            48
   -0.43333333333334    0.36666666666667    0.06666666666667            48
   -0.40000000000000    0.36666666666668    0.06666666666667            48
   -0.36666666666666    0.36666666666667    0.06666666666667            48
   -0.33333333333333    0.36666666666667    0.06666666666667            48
   -0.30000000000001    0.36666666666668    0.06666666666667            24
    0.46666666666667    0.40000000000001    0.06666666666667            24
    0.49999999999999    0.40000000000000    0.06666666666667            48
   -0.46666666666667    0.40000000000001    0.06666666666667            48
   -0.43333333333332    0.40000000000001    0.06666666666667            48
   -0.40000000000000    0.40000000000000    0.06666666666667            48
   -0.36666666666667    0.40000000000000    0.06666666666667            48
   -0.33333333333333    0.40000000000000    0.06666666666667            24
    0.50000000000000    0.43333333333333    0.06666666666667            24
   -0.46666666666666    0.43333333333334    0.06666666666667            48
   -0.43333333333334    0.43333333333334    0.06666666666667            48
   -0.39999999999999    0.43333333333334    0.06666666666667            48
   -0.36666666666667    0.43333333333333    0.06666666666667            24
   -0.46666666666667    0.46666666666667    0.06666666666667            24
   -0.43333333333332    0.46666666666667    0.06666666666667            48
   -0.40000000000000    0.46666666666666    0.06666666666667            24
   -0.43333333333334    0.49999999999999    0.06666666666667            12
    0.30000000000000    0.20000000000000    0.10000000000000            24
    0.33333333333333    0.20000000000000    0.10000000000000            48
    0.36666666666667    0.20000000000000    0.10000000000000            48
    0.40000000000000    0.20000000000000    0.10000000000000            48
    0.43333333333335    0.20000000000000    0.10000000000000            48
    0.46666666666668    0.20000000000000    0.10000000000000            48
    0.50000000000000    0.20000000000000    0.10000000000000            48
   -0.46666666666667    0.20000000000000    0.10000000000000            48
   -0.43333333333334    0.20000000000000    0.10000000000000            48
   -0.39999999999999    0.20000000000000    0.10000000000000            24
    0.33333333333334    0.23333333333334    0.10000000000000            24
    0.36666666666668    0.23333333333334    0.10000000000000            48
    0.40000000000000    0.23333333333332    0.10000000000000            48
    0.43333333333334    0.23333333333333    0.10000000000000            48
    0.46666666666668    0.23333333333334    0.10000000000000            48
    0.50000000000000    0.23333333333334    0.10000000000000            48
   -0.46666666666666    0.23333333333334    0.10000000000000            48
   -0.43333333333334    0.23333333333334    0.10000000000000            48
   -0.40000000000000    0.23333333333334    0.10000000000000            48
   -0.36666666666666    0.23333333333334    0.10000000000000            48
   -0.33333333333333    0.23333333333334    0.10000000000000            48
   -0.30000000000000    0.23333333333334    0.10000000000000            48
   -0.26666666666666    0.23333333333334    0.10000000000000            48
   -0.23333333333333    0.23333333333334    0.10000000000000            48
   -0.20000000000000    0.23333333333334    0.10000000000000            48
   -0.16666666666666    0.23333333333334    0.10000000000000            48
   -0.13333333333333    0.23333333333334    0.10000000000000            24
    0.36666666666667    0.26666666666665    0.10000000000000            24
    0.40000000000001    0.26666666666666    0.10000000000000            48
    0.43333333333335    0.26666666666667    0.10000000000000            48
    0.46666666666666    0.26666666666668    0.10000000000000            48
    0.49999999999999    0.26666666666667    0.10000000000000            48
   -0.46666666666667    0.26666666666667    0.10000000000000            48
   -0.43333333333332    0.26666666666666    0.10000000000000            48
   -0.39999999999999    0.26666666666667    0.10000000000000            48
   -0.36666666666667    0.26666666666667    0.10000000000000            48
   -0.33333333333333    0.26666666666667    0.10000000000000            48
   -0.30000000000000    0.26666666666667    0.10000000000000            48
   -0.26666666666666    0.26666666666667    0.10000000000000            48
   -0.23333333333334    0.26666666666668    0.10000000000000            48
   -0.20000000000000    0.26666666666667    0.10000000000000            48
   -0.16666666666666    0.26666666666667    0.10000000000000            24
    0.40000000000000    0.30000000000001    0.10000000000000            24
    0.43333333333333    0.30000000000001    0.10000000000000            48
    0.46666666666666    0.30000000000001    0.10000000000000            48
    0.50000000000000    0.30000000000001    0.10000000000000            48
   -0.46666666666666    0.30000000000000    0.10000000000000            48
   -0.43333333333334    0.30000000000000    0.10000000000000            48
   -0.40000000000000    0.30000000000000    0.10000000000000            48
   -0.36666666666666    0.30000000000001    0.10000000000000            48
   -0.33333333333333    0.30000000000001    0.10000000000000            48
   -0.30000000000000    0.30000000000001    0.10000000000000            48
   -0.26666666666667    0.30000000000001    0.10000000000000            48
   -0.23333333333333    0.30000000000001    0.10000000000000            48
   -0.19999999999999    0.30000000000000    0.10000000000000            24
    0.43333333333333    0.33333333333334    0.10000000000000            24
    0.46666666666666    0.33333333333334    0.10000000000000            48
    0.50000000000000    0.33333333333334    0.10000000000000            48
   -0.46666666666666    0.33333333333334    0.10000000000000            48
   -0.43333333333333    0.33333333333334    0.10000000000000            48
   -0.40000000000000    0.33333333333334    0.10000000000000            48
   -0.36666666666667    0.33333333333334    0.10000000000000            48
   -0.33333333333333    0.33333333333334    0.10000000000000            48
   -0.30000000000000    0.33333333333334    0.10000000000000            48
   -0.26666666666666    0.33333333333333    0.10000000000000            48
   -0.23333333333333    0.33333333333334    0.10000000000000            24
    0.46666666666667    0.36666666666668    0.10000000000000            24
    0.50000000000001    0.36666666666667    0.10000000000000            48
   -0.46666666666667    0.36666666666667    0.10000000000000            48
   -0.43333333333333    0.36666666666668    0.10000000000000            48
   -0.40000000000000    0.36666666666667    0.10000000000000            48
   -0.36666666666667    0.36666666666667    0.10000000000000            48
   -0.33333333333333    0.36666666666666    0.10000000000000            48
   -0.30000000000000    0.36666666666668    0.10000000000000            48
   -0.26666666666666    0.36666666666668    0.10000000000000            24
    0.50000000000000    0.40000000000000    0.10000000000000            24
   -0.46666666666666    0.40000000000001    0.10000000000000            48
   -0.43333333333333    0.40000000000001    0.10000000000000            48
   -0.40000000000000    0.40000000000001    0.10000000000000            48
   -0.36666666666667    0.40000000000001    0.10000000000000            48
   -0.33333333333333    0.40000000000001    0.10000000000000            48
   -0.29999999999999    0.40000000000000    0.10000000000000            24
   -0.46666666666667    0.43333333333334    0.10000000000000            24
   -0.43333333333334    0.43333333333335    0.10000000000000            48
   -0.40000000000000    0.43333333333334    0.10000000000000            48
   -0.36666666666666    0.43333333333334    0.10000000000000            48
   -0.33333333333333    0.43333333333334    0.10000000000000            24
   -0.43333333333333    0.46666666666666    0.10000000000000            24
   -0.40000000000000    0.46666666666666    0.10000000000000            48
   -0.36666666666667    0.46666666666668    0.10000000000000            24
   -0.40000000000000    0.50000000000001    0.10000000000000            12
    0.40000000000000    0.26666666666667    0.13333333333333            24
    0.43333333333335    0.26666666666667    0.13333333333333            48
    0.46666666666666    0.26666666666666    0.13333333333333            48
    0.50000000000000    0.26666666666667    0.13333333333333            48
   -0.46666666666666    0.26666666666667    0.13333333333333            48
   -0.43333333333334    0.26666666666667    0.13333333333333            48
   -0.39999999999999    0.26666666666667    0.13333333333333            48
   -0.36666666666667    0.26666666666667    0.13333333333333            24
    0.43333333333333    0.30000000000000    0.13333333333333            24
    0.46666666666668    0.30000000000000    0.13333333333333            48
    0.50000000000002    0.30000000000001    0.13333333333333            48
   -0.46666666666667    0.30000000000001    0.13333333333333            48
   -0.43333333333334    0.30000000000000    0.13333333333333            48
   -0.40000000000000    0.30000000000001    0.13333333333333            48
   -0.36666666666666    0.30000000000000    0.13333333333333            48
   -0.33333333333332    0.30000000000001    0.13333333333333            48
   -0.30000000000001    0.30000000000001    0.13333333333333            48
   -0.26666666666666    0.30000000000001    0.13333333333333            48
   -0.23333333333333    0.30000000000000    0.13333333333333            48
   -0.20000000000000    0.30000000000000    0.13333333333333            48
   -0.16666666666667    0.30000000000001    0.13333333333333            24
    0.46666666666667    0.33333333333334    0.13333333333333            24
    0.49999999999999    0.33333333333334    0.13333333333333            48
   -0.46666666666667    0.33333333333334    0.13333333333333            48
   -0.43333333333332    0.33333333333334    0.13333333333333            48
   -0.40000000000000    0.33333333333334    0.13333333333333            48
   -0.36666666666667    0.33333333333334    0.13333333333333            48
   -0.33333333333333    0.33333333333333    0.13333333333333            48
   -0.30000000000000    0.33333333333334    0.13333333333333            48
   -0.26666666666666    0.33333333333334    0.13333333333333            48
   -0.23333333333334    0.33333333333334    0.13333333333333            48
   -0.20000000000000    0.33333333333334    0.13333333333333            24
    0.50000000000000    0.36666666666667    0.13333333333333            24
   -0.46666666666666    0.36666666666666    0.13333333333333            48
   -0.43333333333334    0.36666666666667    0.13333333333333            48
   -0.39999999999999    0.36666666666667    0.13333333333333            48
   -0.36666666666667    0.36666666666667    0.13333333333333            48
   -0.33333333333333    0.36666666666668    0.13333333333333            48
   -0.30000000000000    0.36666666666668    0.13333333333333            48
   -0.26666666666667    0.36666666666667    0.13333333333333            48
   -0.23333333333333    0.36666666666667    0.13333333333333            24
   -0.46666666666667    0.40000000000001    0.13333333333333            24
   -0.43333333333332    0.40000000000000    0.13333333333333            48
   -0.40000000000000    0.40000000000000    0.13333333333333            48
   -0.36666666666667    0.40000000000001    0.13333333333333            48
   -0.33333333333333    0.40000000000000    0.13333333333333            48
   -0.30000000000000    0.40000000000000    0.13333333333333            48
   -0.26666666666666    0.40000000000000    0.13333333333333            24
   -0.43333333333334    0.43333333333332    0.13333333333333            24
   -0.40000000000000    0.43333333333334    0.13333333333333            48
   -0.36666666666666    0.43333333333333    0.13333333333333            48
   -0.33333333333333    0.43333333333335    0.13333333333333            48
   -0.30000000000000    0.43333333333334    0.13333333333333            24
   -0.40000000000000    0.46666666666668    0.13333333333333            24
   -0.36666666666667    0.46666666666668    0.13333333333333            48
   -0.33333333333333    0.46666666666667    0.13333333333333            24
   -0.36666666666667    0.50000000000000    0.13333333333333            12
    0.50000000000000    0.33333333333333    0.16666666666667            24
   -0.46666666666666    0.33333333333333    0.16666666666667            48
   -0.43333333333333    0.33333333333334    0.16666666666667            48
   -0.40000000000000    0.33333333333334    0.16666666666667            48
   -0.36666666666667    0.33333333333334    0.16666666666667            48
   -0.33333333333333    0.33333333333334    0.16666666666667            24
   -0.46666666666667    0.36666666666668    0.16666666666667            24
   -0.43333333333334    0.36666666666668    0.16666666666667            48
   -0.40000000000000    0.36666666666667    0.16666666666667            48
   -0.36666666666666    0.36666666666667    0.16666666666667            48
   -0.33333333333333    0.36666666666667    0.16666666666667            48
   -0.30000000000000    0.36666666666666    0.16666666666667            48
   -0.26666666666666    0.36666666666667    0.16666666666667            48
   -0.23333333333333    0.36666666666668    0.16666666666667            48
   -0.19999999999999    0.36666666666668    0.16666666666667            24
   -0.43333333333333    0.40000000000000    0.16666666666667            24
   -0.40000000000000    0.39999999999999    0.16666666666667            48
   -0.36666666666667    0.40000000000000    0.16666666666667            48
   -0.33333333333333    0.40000000000000    0.16666666666667            48
   -0.30000000000000    0.40000000000001    0.16666666666667            48
   -0.26666666666666    0.40000000000001    0.16666666666667            48
   -0.23333333333333    0.40000000000001    0.16666666666667            24
   -0.40000000000000    0.43333333333334    0.16666666666667            24
   -0.36666666666666    0.43333333333333    0.16666666666667            48
   -0.33333333333333    0.43333333333333    0.16666666666667            48
   -0.30000000000000    0.43333333333334    0.16666666666667            48
   -0.26666666666666    0.43333333333333    0.16666666666667            24
   -0.36666666666667    0.46666666666666    0.16666666666667            24
   -0.33333333333333    0.46666666666668    0.16666666666667            48
   -0.30000000000000    0.46666666666666    0.16666666666667            24
   -0.33333333333333    0.50000000000001    0.16666666666667            12
   -0.40000000000000    0.40000000000001    0.20000000000000            24
   -0.36666666666667    0.40000000000001    0.20000000000000            48
   -0.33333333333333    0.40000000000001    0.20000000000000            48
   -0.29999999999999    0.40000000000000    0.20000000000000            24
   -0.36666666666667    0.43333333333334    0.20000000000000            24
   -0.33333333333333    0.43333333333334    0.20000000000000            48
   -0.30000000000000    0.43333333333333    0.20000000000000            48
   -0.26666666666666    0.43333333333333    0.20000000000000            48
   -0.23333333333333    0.43333333333333    0.20000000000000            24
   -0.33333333333333    0.46666666666667    0.20000000000000            24
   -0.29999999999999    0.46666666666667    0.20000000000000            48
   -0.26666666666666    0.46666666666667    0.20000000000000            24
   -0.30000000000000    0.50000000000000    0.20000000000000            12
   -0.30000000000000    0.46666666666667    0.23333333333334            24
   -0.26666666666666    0.46666666666667    0.23333333333334            24
   -0.26666666666666    0.50000000000000    0.23333333333334            12
