   1.73624864569552      -0.352037182071609      -8.029564649926223E-019
 -5.874315027120315E-019 -1.301042606982605E-018  4.551079327918359E-019
  1.875821252933194E-019  1.084202172485504E-018  2.355066789072002E-002
 -1.059746355667504E-020 -3.649063831040846E-020  1.084202172485504E-019
 -6.486959149585402E-020  1.735640305482522E-020 -5.421010862427522E-020
   6.42443760202847      -1.378079013420446E-014  3.278386562816331E-015
  -9.50820639026855       1.019212571758336E-014 -2.366696258097738E-015
   6.42443760202847      -6.498274141009119E-015  1.023715587044449E-014
  -9.50820639026855       4.791306240647941E-015   6.42443760202848     
 -2.356615708765417E-015  4.754500318439329E-015  -9.50820639026855     
   3.63143245322813      -7.751496795038808E-015  1.811123330186583E-015
   3.63143245322813      -3.670674875166924E-015   3.63143245322813     
   1.73624864569552      -0.352037182071609       8.029562578435877E-019
  1.537502000476300E-019  1.301042606982605E-018 -1.430889761111426E-018
  2.460992752790305E-019 -2.168404344971009E-019  2.355066789072001E-002
 -1.113750295697583E-019  3.649077287126024E-020 -1.355252715606881E-020
  9.197455129397276E-020  1.994839083872843E-019  2.710505431213761E-020
   6.42443760202847      -1.378772903416190E-014  3.278386567917878E-015
  -9.50820639026855       1.021294240464482E-014 -2.366696265268403E-015
   6.42443760202848      -6.498274141009119E-015  1.023021698063811E-014
  -9.50820639026855       4.753142324176451E-015   6.42443760202847     
 -2.377432402628642E-015  4.764908658764566E-015  -9.50820639026855     
   3.63143245322813      -7.765374588555748E-015  1.804184441854328E-015
   3.63143245322813      -3.632510958695434E-015   3.63143245322813     
