   726
     1    0.000000    0.000000   -0.847394       0.000751
     2   -0.084739    0.084739   -0.762654       0.000751
     3   -0.169479    0.169479   -0.677915       0.000751
     4   -0.254218    0.254218   -0.593176       0.000751
     5   -0.338957    0.338957   -0.508436       0.000751
     6   -0.423697    0.423697   -0.423697       0.000751
     7   -0.508436    0.508436   -0.338957       0.000751
     8   -0.593176    0.593176   -0.254218       0.000751
     9   -0.677915    0.677915   -0.169479       0.000751
    10   -0.762654    0.762654   -0.084739       0.000751
    11   -0.847394    0.847394    0.000000       0.000751
    12    0.084739   -0.084739   -0.762654       0.000751
    13    0.000000    0.000000   -0.677915       0.000751
    14   -0.084739    0.084739   -0.593176       0.000751
    15   -0.169479    0.169479   -0.508436       0.000751
    16   -0.254218    0.254218   -0.423697       0.000751
    17   -0.338957    0.338957   -0.338957       0.000751
    18   -0.423697    0.423697   -0.254218       0.000751
    19   -0.508436    0.508436   -0.169479       0.000751
    20   -0.593176    0.593176   -0.084739       0.000751
    21   -0.677915    0.677915    0.000000       0.000751
    22   -0.762654    0.762654    0.084739       0.000751
    23    0.169479   -0.169479   -0.677915       0.000751
    24    0.084739   -0.084739   -0.593176       0.000751
    25    0.000000    0.000000   -0.508436       0.000751
    26   -0.084739    0.084739   -0.423697       0.000751
    27   -0.169479    0.169479   -0.338957       0.000751
    28   -0.254218    0.254218   -0.254218       0.000751
    29   -0.338957    0.338957   -0.169479       0.000751
    30   -0.423697    0.423697   -0.084739       0.000751
    31   -0.508436    0.508436    0.000000       0.000751
    32   -0.593176    0.593176    0.084739       0.000751
    33   -0.677915    0.677915    0.169479       0.000751
    34    0.254218   -0.254218   -0.593176       0.000751
    35    0.169479   -0.169479   -0.508436       0.000751
    36    0.084739   -0.084739   -0.423697       0.000751
    37    0.000000    0.000000   -0.338957       0.000751
    38   -0.084739    0.084739   -0.254218       0.000751
    39   -0.169479    0.169479   -0.169479       0.000751
    40   -0.254218    0.254218   -0.084739       0.000751
    41   -0.338957    0.338957    0.000000       0.000751
    42   -0.423697    0.423697    0.084739       0.000751
    43   -0.508436    0.508436    0.169479       0.000751
    44   -0.593176    0.593176    0.254218       0.000751
    45    0.338957   -0.338957   -0.508436       0.000751
    46    0.254218   -0.254218   -0.423697       0.000751
    47    0.169479   -0.169479   -0.338957       0.000751
    48    0.084739   -0.084739   -0.254218       0.000751
    49    0.000000    0.000000   -0.169479       0.000751
    50   -0.084739    0.084739   -0.084739       0.000751
    51   -0.169479    0.169479    0.000000       0.000751
    52   -0.254218    0.254218    0.084739       0.000751
    53   -0.338957    0.338957    0.169479       0.000751
    54   -0.423697    0.423697    0.254218       0.000751
    55   -0.508436    0.508436    0.338957       0.000751
    56    0.423697   -0.423697   -0.423697       0.000751
    57    0.338957   -0.338957   -0.338957       0.000751
    58    0.254218   -0.254218   -0.254218       0.000751
    59    0.169479   -0.169479   -0.169479       0.000751
    60    0.084739   -0.084739   -0.084739       0.000751
    61    0.000000    0.000000    0.000000       0.000751
    62   -0.084739    0.084739    0.084739       0.000751
    63   -0.169479    0.169479    0.169479       0.000751
    64   -0.254218    0.254218    0.254218       0.000751
    65   -0.338957    0.338957    0.338957       0.000751
    66   -0.423697    0.423697    0.423697       0.000751
    67    0.508436   -0.508436   -0.338957       0.000751
    68    0.423697   -0.423697   -0.254218       0.000751
    69    0.338957   -0.338957   -0.169479       0.000751
    70    0.254218   -0.254218   -0.084739       0.000751
    71    0.169479   -0.169479    0.000000       0.000751
    72    0.084739   -0.084739    0.084739       0.000751
    73    0.000000    0.000000    0.169479       0.000751
    74   -0.084739    0.084739    0.254218       0.000751
    75   -0.169479    0.169479    0.338957       0.000751
    76   -0.254218    0.254218    0.423697       0.000751
    77   -0.338957    0.338957    0.508436       0.000751
    78    0.593176   -0.593176   -0.254218       0.000751
    79    0.508436   -0.508436   -0.169479       0.000751
    80    0.423697   -0.423697   -0.084739       0.000751
    81    0.338957   -0.338957    0.000000       0.000751
    82    0.254218   -0.254218    0.084739       0.000751
    83    0.169479   -0.169479    0.169479       0.000751
    84    0.084739   -0.084739    0.254218       0.000751
    85    0.000000    0.000000    0.338957       0.000751
    86   -0.084739    0.084739    0.423697       0.000751
    87   -0.169479    0.169479    0.508436       0.000751
    88   -0.254218    0.254218    0.593176       0.000751
    89    0.677915   -0.677915   -0.169479       0.000751
    90    0.593176   -0.593176   -0.084739       0.000751
    91    0.508436   -0.508436    0.000000       0.000751
    92    0.423697   -0.423697    0.084739       0.000751
    93    0.338957   -0.338957    0.169479       0.000751
    94    0.254218   -0.254218    0.254218       0.000751
    95    0.169479   -0.169479    0.338957       0.000751
    96    0.084739   -0.084739    0.423697       0.000751
    97    0.000000    0.000000    0.508436       0.000751
    98   -0.084739    0.084739    0.593176       0.000751
    99   -0.169479    0.169479    0.677915       0.000751
   100    0.762654   -0.762654   -0.084739       0.000751
   101    0.677915   -0.677915    0.000000       0.000751
   102    0.593176   -0.593176    0.084739       0.000751
   103    0.508436   -0.508436    0.169479       0.000751
   104    0.423697   -0.423697    0.254218       0.000751
   105    0.338957   -0.338957    0.338957       0.000751
   106    0.254218   -0.254218    0.423697       0.000751
   107    0.169479   -0.169479    0.508436       0.000751
   108    0.084739   -0.084739    0.593176       0.000751
   109    0.000000    0.000000    0.677915       0.000751
   110   -0.084739    0.084739    0.762654       0.000751
   111    0.847394   -0.847394    0.000000       0.000751
   112    0.762654   -0.762654    0.084739       0.000751
   113    0.677915   -0.677915    0.169479       0.000751
   114    0.593176   -0.593176    0.254218       0.000751
   115    0.508436   -0.508436    0.338957       0.000751
   116    0.423697   -0.423697    0.423697       0.000751
   117    0.338957   -0.338957    0.508436       0.000751
   118    0.254218   -0.254218    0.593176       0.000751
   119    0.169479   -0.169479    0.677915       0.000751
   120    0.084739   -0.084739    0.762654       0.000751
   121    0.000000    0.000000    0.847394       0.000751
   122    0.084739    0.084739   -0.932133       0.001503
   123    0.000000    0.169479   -0.847394       0.001503
   124   -0.084739    0.254218   -0.762654       0.001503
   125   -0.169479    0.338957   -0.677915       0.001503
   126   -0.254218    0.423697   -0.593176       0.001503
   127   -0.338957    0.508436   -0.508436       0.001503
   128   -0.423697    0.593176   -0.423697       0.001503
   129   -0.508436    0.677915   -0.338957       0.001503
   130   -0.593176    0.762654   -0.254218       0.001503
   131   -0.677915    0.847394   -0.169479       0.001503
   132   -0.762654    0.932133   -0.084739       0.001503
   133    0.169479    0.000000   -0.847394       0.001503
   134    0.084739    0.084739   -0.762654       0.001503
   135    0.000000    0.169479   -0.677915       0.001503
   136   -0.084739    0.254218   -0.593176       0.001503
   137   -0.169479    0.338957   -0.508436       0.001503
   138   -0.254218    0.423697   -0.423697       0.001503
   139   -0.338957    0.508436   -0.338957       0.001503
   140   -0.423697    0.593176   -0.254218       0.001503
   141   -0.508436    0.677915   -0.169479       0.001503
   142   -0.593176    0.762654   -0.084739       0.001503
   143   -0.677915    0.847394    0.000000       0.001503
   144    0.254218   -0.084739   -0.762654       0.001503
   145    0.169479    0.000000   -0.677915       0.001503
   146    0.084739    0.084739   -0.593176       0.001503
   147    0.000000    0.169479   -0.508436       0.001503
   148   -0.084739    0.254218   -0.423697       0.001503
   149   -0.169479    0.338957   -0.338957       0.001503
   150   -0.254218    0.423697   -0.254218       0.001503
   151   -0.338957    0.508436   -0.169479       0.001503
   152   -0.423697    0.593176   -0.084739       0.001503
   153   -0.508436    0.677915    0.000000       0.001503
   154   -0.593176    0.762654    0.084739       0.001503
   155    0.338957   -0.169479   -0.677915       0.001503
   156    0.254218   -0.084739   -0.593176       0.001503
   157    0.169479    0.000000   -0.508436       0.001503
   158    0.084739    0.084739   -0.423697       0.001503
   159    0.000000    0.169479   -0.338957       0.001503
   160   -0.084739    0.254218   -0.254218       0.001503
   161   -0.169479    0.338957   -0.169479       0.001503
   162   -0.254218    0.423697   -0.084739       0.001503
   163   -0.338957    0.508436    0.000000       0.001503
   164   -0.423697    0.593176    0.084739       0.001503
   165   -0.508436    0.677915    0.169479       0.001503
   166    0.423697   -0.254218   -0.593176       0.001503
   167    0.338957   -0.169479   -0.508436       0.001503
   168    0.254218   -0.084739   -0.423697       0.001503
   169    0.169479    0.000000   -0.338957       0.001503
   170    0.084739    0.084739   -0.254218       0.001503
   171    0.000000    0.169479   -0.169479       0.001503
   172   -0.084739    0.254218   -0.084739       0.001503
   173   -0.169479    0.338957    0.000000       0.001503
   174   -0.254218    0.423697    0.084739       0.001503
   175   -0.338957    0.508436    0.169479       0.001503
   176   -0.423697    0.593176    0.254218       0.001503
   177    0.508436   -0.338957   -0.508436       0.001503
   178    0.423697   -0.254218   -0.423697       0.001503
   179    0.338957   -0.169479   -0.338957       0.001503
   180    0.254218   -0.084739   -0.254218       0.001503
   181    0.169479    0.000000   -0.169479       0.001503
   182    0.084739    0.084739   -0.084739       0.001503
   183    0.000000    0.169479    0.000000       0.001503
   184   -0.084739    0.254218    0.084739       0.001503
   185   -0.169479    0.338957    0.169479       0.001503
   186   -0.254218    0.423697    0.254218       0.001503
   187   -0.338957    0.508436    0.338957       0.001503
   188    0.593176   -0.423697   -0.423697       0.001503
   189    0.508436   -0.338957   -0.338957       0.001503
   190    0.423697   -0.254218   -0.254218       0.001503
   191    0.338957   -0.169479   -0.169479       0.001503
   192    0.254218   -0.084739   -0.084739       0.001503
   193    0.169479    0.000000    0.000000       0.001503
   194    0.084739    0.084739    0.084739       0.001503
   195    0.000000    0.169479    0.169479       0.001503
   196   -0.084739    0.254218    0.254218       0.001503
   197   -0.169479    0.338957    0.338957       0.001503
   198   -0.254218    0.423697    0.423697       0.001503
   199    0.677915   -0.508436   -0.338957       0.001503
   200    0.593176   -0.423697   -0.254218       0.001503
   201    0.508436   -0.338957   -0.169479       0.001503
   202    0.423697   -0.254218   -0.084739       0.001503
   203    0.338957   -0.169479    0.000000       0.001503
   204    0.254218   -0.084739    0.084739       0.001503
   205    0.169479    0.000000    0.169479       0.001503
   206    0.084739    0.084739    0.254218       0.001503
   207    0.000000    0.169479    0.338957       0.001503
   208   -0.084739    0.254218    0.423697       0.001503
   209   -0.169479    0.338957    0.508436       0.001503
   210    0.762654   -0.593176   -0.254218       0.001503
   211    0.677915   -0.508436   -0.169479       0.001503
   212    0.593176   -0.423697   -0.084739       0.001503
   213    0.508436   -0.338957    0.000000       0.001503
   214    0.423697   -0.254218    0.084739       0.001503
   215    0.338957   -0.169479    0.169479       0.001503
   216    0.254218   -0.084739    0.254218       0.001503
   217    0.169479    0.000000    0.338957       0.001503
   218    0.084739    0.084739    0.423697       0.001503
   219    0.000000    0.169479    0.508436       0.001503
   220   -0.084739    0.254218    0.593176       0.001503
   221    0.847394   -0.677915   -0.169479       0.001503
   222    0.762654   -0.593176   -0.084739       0.001503
   223    0.677915   -0.508436    0.000000       0.001503
   224    0.593176   -0.423697    0.084739       0.001503
   225    0.508436   -0.338957    0.169479       0.001503
   226    0.423697   -0.254218    0.254218       0.001503
   227    0.338957   -0.169479    0.338957       0.001503
   228    0.254218   -0.084739    0.423697       0.001503
   229    0.169479    0.000000    0.508436       0.001503
   230    0.084739    0.084739    0.593176       0.001503
   231    0.000000    0.169479    0.677915       0.001503
   232    0.932133   -0.762654   -0.084739       0.001503
   233    0.847394   -0.677915    0.000000       0.001503
   234    0.762654   -0.593176    0.084739       0.001503
   235    0.677915   -0.508436    0.169479       0.001503
   236    0.593176   -0.423697    0.254218       0.001503
   237    0.508436   -0.338957    0.338957       0.001503
   238    0.423697   -0.254218    0.423697       0.001503
   239    0.338957   -0.169479    0.508436       0.001503
   240    0.254218   -0.084739    0.593176       0.001503
   241    0.169479    0.000000    0.677915       0.001503
   242    0.084739    0.084739    0.762654       0.001503
   243    0.169479    0.169479   -1.016872       0.001503
   244    0.084739    0.254218   -0.932133       0.001503
   245    0.000000    0.338957   -0.847394       0.001503
   246   -0.084739    0.423697   -0.762654       0.001503
   247   -0.169479    0.508436   -0.677915       0.001503
   248   -0.254218    0.593176   -0.593176       0.001503
   249   -0.338957    0.677915   -0.508436       0.001503
   250   -0.423697    0.762654   -0.423697       0.001503
   251   -0.508436    0.847394   -0.338957       0.001503
   252   -0.593176    0.932133   -0.254218       0.001503
   253   -0.677915    1.016872   -0.169479       0.001503
   254    0.254218    0.084739   -0.932133       0.001503
   255    0.169479    0.169479   -0.847394       0.001503
   256    0.084739    0.254218   -0.762654       0.001503
   257    0.000000    0.338957   -0.677915       0.001503
   258   -0.084739    0.423697   -0.593176       0.001503
   259   -0.169479    0.508436   -0.508436       0.001503
   260   -0.254218    0.593176   -0.423697       0.001503
   261   -0.338957    0.677915   -0.338957       0.001503
   262   -0.423697    0.762654   -0.254218       0.001503
   263   -0.508436    0.847394   -0.169479       0.001503
   264   -0.593176    0.932133   -0.084739       0.001503
   265    0.338957    0.000000   -0.847394       0.001503
   266    0.254218    0.084739   -0.762654       0.001503
   267    0.169479    0.169479   -0.677915       0.001503
   268    0.084739    0.254218   -0.593176       0.001503
   269    0.000000    0.338957   -0.508436       0.001503
   270   -0.084739    0.423697   -0.423697       0.001503
   271   -0.169479    0.508436   -0.338957       0.001503
   272   -0.254218    0.593176   -0.254218       0.001503
   273   -0.338957    0.677915   -0.169479       0.001503
   274   -0.423697    0.762654   -0.084739       0.001503
   275   -0.508436    0.847394    0.000000       0.001503
   276    0.423697   -0.084739   -0.762654       0.001503
   277    0.338957    0.000000   -0.677915       0.001503
   278    0.254218    0.084739   -0.593176       0.001503
   279    0.169479    0.169479   -0.508436       0.001503
   280    0.084739    0.254218   -0.423697       0.001503
   281    0.000000    0.338957   -0.338957       0.001503
   282   -0.084739    0.423697   -0.254218       0.001503
   283   -0.169479    0.508436   -0.169479       0.001503
   284   -0.254218    0.593176   -0.084739       0.001503
   285   -0.338957    0.677915    0.000000       0.001503
   286   -0.423697    0.762654    0.084739       0.001503
   287    0.508436   -0.169479   -0.677915       0.001503
   288    0.423697   -0.084739   -0.593176       0.001503
   289    0.338957    0.000000   -0.508436       0.001503
   290    0.254218    0.084739   -0.423697       0.001503
   291    0.169479    0.169479   -0.338957       0.001503
   292    0.084739    0.254218   -0.254218       0.001503
   293    0.000000    0.338957   -0.169479       0.001503
   294   -0.084739    0.423697   -0.084739       0.001503
   295   -0.169479    0.508436    0.000000       0.001503
   296   -0.254218    0.593176    0.084739       0.001503
   297   -0.338957    0.677915    0.169479       0.001503
   298    0.593176   -0.254218   -0.593176       0.001503
   299    0.508436   -0.169479   -0.508436       0.001503
   300    0.423697   -0.084739   -0.423697       0.001503
   301    0.338957    0.000000   -0.338957       0.001503
   302    0.254218    0.084739   -0.254218       0.001503
   303    0.169479    0.169479   -0.169479       0.001503
   304    0.084739    0.254218   -0.084739       0.001503
   305    0.000000    0.338957    0.000000       0.001503
   306   -0.084739    0.423697    0.084739       0.001503
   307   -0.169479    0.508436    0.169479       0.001503
   308   -0.254218    0.593176    0.254218       0.001503
   309    0.677915   -0.338957   -0.508436       0.001503
   310    0.593176   -0.254218   -0.423697       0.001503
   311    0.508436   -0.169479   -0.338957       0.001503
   312    0.423697   -0.084739   -0.254218       0.001503
   313    0.338957    0.000000   -0.169479       0.001503
   314    0.254218    0.084739   -0.084739       0.001503
   315    0.169479    0.169479    0.000000       0.001503
   316    0.084739    0.254218    0.084739       0.001503
   317    0.000000    0.338957    0.169479       0.001503
   318   -0.084739    0.423697    0.254218       0.001503
   319   -0.169479    0.508436    0.338957       0.001503
   320    0.762654   -0.423697   -0.423697       0.001503
   321    0.677915   -0.338957   -0.338957       0.001503
   322    0.593176   -0.254218   -0.254218       0.001503
   323    0.508436   -0.169479   -0.169479       0.001503
   324    0.423697   -0.084739   -0.084739       0.001503
   325    0.338957    0.000000    0.000000       0.001503
   326    0.254218    0.084739    0.084739       0.001503
   327    0.169479    0.169479    0.169479       0.001503
   328    0.084739    0.254218    0.254218       0.001503
   329    0.000000    0.338957    0.338957       0.001503
   330   -0.084739    0.423697    0.423697       0.001503
   331    0.847394   -0.508436   -0.338957       0.001503
   332    0.762654   -0.423697   -0.254218       0.001503
   333    0.677915   -0.338957   -0.169479       0.001503
   334    0.593176   -0.254218   -0.084739       0.001503
   335    0.508436   -0.169479    0.000000       0.001503
   336    0.423697   -0.084739    0.084739       0.001503
   337    0.338957    0.000000    0.169479       0.001503
   338    0.254218    0.084739    0.254218       0.001503
   339    0.169479    0.169479    0.338957       0.001503
   340    0.084739    0.254218    0.423697       0.001503
   341    0.000000    0.338957    0.508436       0.001503
   342    0.932133   -0.593176   -0.254218       0.001503
   343    0.847394   -0.508436   -0.169479       0.001503
   344    0.762654   -0.423697   -0.084739       0.001503
   345    0.677915   -0.338957    0.000000       0.001503
   346    0.593176   -0.254218    0.084739       0.001503
   347    0.508436   -0.169479    0.169479       0.001503
   348    0.423697   -0.084739    0.254218       0.001503
   349    0.338957    0.000000    0.338957       0.001503
   350    0.254218    0.084739    0.423697       0.001503
   351    0.169479    0.169479    0.508436       0.001503
   352    0.084739    0.254218    0.593176       0.001503
   353    1.016872   -0.677915   -0.169479       0.001503
   354    0.932133   -0.593176   -0.084739       0.001503
   355    0.847394   -0.508436    0.000000       0.001503
   356    0.762654   -0.423697    0.084739       0.001503
   357    0.677915   -0.338957    0.169479       0.001503
   358    0.593176   -0.254218    0.254218       0.001503
   359    0.508436   -0.169479    0.338957       0.001503
   360    0.423697   -0.084739    0.423697       0.001503
   361    0.338957    0.000000    0.508436       0.001503
   362    0.254218    0.084739    0.593176       0.001503
   363    0.169479    0.169479    0.677915       0.001503
   364    0.254218    0.254218   -1.101612       0.001503
   365    0.169479    0.338957   -1.016872       0.001503
   366    0.084739    0.423697   -0.932133       0.001503
   367    0.000000    0.508436   -0.847394       0.001503
   368   -0.084739    0.593176   -0.762654       0.001503
   369   -0.169479    0.677915   -0.677915       0.001503
   370   -0.254218    0.762654   -0.593176       0.001503
   371   -0.338957    0.847394   -0.508436       0.001503
   372   -0.423697    0.932133   -0.423697       0.001503
   373   -0.508436    1.016872   -0.338957       0.001503
   374   -0.593176    1.101612   -0.254218       0.001503
   375    0.338957    0.169479   -1.016872       0.001503
   376    0.254218    0.254218   -0.932133       0.001503
   377    0.169479    0.338957   -0.847394       0.001503
   378    0.084739    0.423697   -0.762654       0.001503
   379    0.000000    0.508436   -0.677915       0.001503
   380   -0.084739    0.593176   -0.593176       0.001503
   381   -0.169479    0.677915   -0.508436       0.001503
   382   -0.254218    0.762654   -0.423697       0.001503
   383   -0.338957    0.847394   -0.338957       0.001503
   384   -0.423697    0.932133   -0.254218       0.001503
   385   -0.508436    1.016872   -0.169479       0.001503
   386    0.423697    0.084739   -0.932133       0.001503
   387    0.338957    0.169479   -0.847394       0.001503
   388    0.254218    0.254218   -0.762654       0.001503
   389    0.169479    0.338957   -0.677915       0.001503
   390    0.084739    0.423697   -0.593176       0.001503
   391    0.000000    0.508436   -0.508436       0.001503
   392   -0.084739    0.593176   -0.423697       0.001503
   393   -0.169479    0.677915   -0.338957       0.001503
   394   -0.254218    0.762654   -0.254218       0.001503
   395   -0.338957    0.847394   -0.169479       0.001503
   396   -0.423697    0.932133   -0.084739       0.001503
   397    0.508436    0.000000   -0.847394       0.001503
   398    0.423697    0.084739   -0.762654       0.001503
   399    0.338957    0.169479   -0.677915       0.001503
   400    0.254218    0.254218   -0.593176       0.001503
   401    0.169479    0.338957   -0.508436       0.001503
   402    0.084739    0.423697   -0.423697       0.001503
   403    0.000000    0.508436   -0.338957       0.001503
   404   -0.084739    0.593176   -0.254218       0.001503
   405   -0.169479    0.677915   -0.169479       0.001503
   406   -0.254218    0.762654   -0.084739       0.001503
   407   -0.338957    0.847394    0.000000       0.001503
   408    0.593176   -0.084739   -0.762654       0.001503
   409    0.508436    0.000000   -0.677915       0.001503
   410    0.423697    0.084739   -0.593176       0.001503
   411    0.338957    0.169479   -0.508436       0.001503
   412    0.254218    0.254218   -0.423697       0.001503
   413    0.169479    0.338957   -0.338957       0.001503
   414    0.084739    0.423697   -0.254218       0.001503
   415    0.000000    0.508436   -0.169479       0.001503
   416   -0.084739    0.593176   -0.084739       0.001503
   417   -0.169479    0.677915    0.000000       0.001503
   418   -0.254218    0.762654    0.084739       0.001503
   419    0.677915   -0.169479   -0.677915       0.001503
   420    0.593176   -0.084739   -0.593176       0.001503
   421    0.508436    0.000000   -0.508436       0.001503
   422    0.423697    0.084739   -0.423697       0.001503
   423    0.338957    0.169479   -0.338957       0.001503
   424    0.254218    0.254218   -0.254218       0.001503
   425    0.169479    0.338957   -0.169479       0.001503
   426    0.084739    0.423697   -0.084739       0.001503
   427    0.000000    0.508436    0.000000       0.001503
   428   -0.084739    0.593176    0.084739       0.001503
   429   -0.169479    0.677915    0.169479       0.001503
   430    0.762654   -0.254218   -0.593176       0.001503
   431    0.677915   -0.169479   -0.508436       0.001503
   432    0.593176   -0.084739   -0.423697       0.001503
   433    0.508436    0.000000   -0.338957       0.001503
   434    0.423697    0.084739   -0.254218       0.001503
   435    0.338957    0.169479   -0.169479       0.001503
   436    0.254218    0.254218   -0.084739       0.001503
   437    0.169479    0.338957    0.000000       0.001503
   438    0.084739    0.423697    0.084739       0.001503
   439    0.000000    0.508436    0.169479       0.001503
   440   -0.084739    0.593176    0.254218       0.001503
   441    0.847394   -0.338957   -0.508436       0.001503
   442    0.762654   -0.254218   -0.423697       0.001503
   443    0.677915   -0.169479   -0.338957       0.001503
   444    0.593176   -0.084739   -0.254218       0.001503
   445    0.508436    0.000000   -0.169479       0.001503
   446    0.423697    0.084739   -0.084739       0.001503
   447    0.338957    0.169479    0.000000       0.001503
   448    0.254218    0.254218    0.084739       0.001503
   449    0.169479    0.338957    0.169479       0.001503
   450    0.084739    0.423697    0.254218       0.001503
   451    0.000000    0.508436    0.338957       0.001503
   452    0.932133   -0.423697   -0.423697       0.001503
   453    0.847394   -0.338957   -0.338957       0.001503
   454    0.762654   -0.254218   -0.254218       0.001503
   455    0.677915   -0.169479   -0.169479       0.001503
   456    0.593176   -0.084739   -0.084739       0.001503
   457    0.508436    0.000000    0.000000       0.001503
   458    0.423697    0.084739    0.084739       0.001503
   459    0.338957    0.169479    0.169479       0.001503
   460    0.254218    0.254218    0.254218       0.001503
   461    0.169479    0.338957    0.338957       0.001503
   462    0.084739    0.423697    0.423697       0.001503
   463    1.016872   -0.508436   -0.338957       0.001503
   464    0.932133   -0.423697   -0.254218       0.001503
   465    0.847394   -0.338957   -0.169479       0.001503
   466    0.762654   -0.254218   -0.084739       0.001503
   467    0.677915   -0.169479    0.000000       0.001503
   468    0.593176   -0.084739    0.084739       0.001503
   469    0.508436    0.000000    0.169479       0.001503
   470    0.423697    0.084739    0.254218       0.001503
   471    0.338957    0.169479    0.338957       0.001503
   472    0.254218    0.254218    0.423697       0.001503
   473    0.169479    0.338957    0.508436       0.001503
   474    1.101612   -0.593176   -0.254218       0.001503
   475    1.016872   -0.508436   -0.169479       0.001503
   476    0.932133   -0.423697   -0.084739       0.001503
   477    0.847394   -0.338957    0.000000       0.001503
   478    0.762654   -0.254218    0.084739       0.001503
   479    0.677915   -0.169479    0.169479       0.001503
   480    0.593176   -0.084739    0.254218       0.001503
   481    0.508436    0.000000    0.338957       0.001503
   482    0.423697    0.084739    0.423697       0.001503
   483    0.338957    0.169479    0.508436       0.001503
   484    0.254218    0.254218    0.593176       0.001503
   485    0.338957    0.338957   -1.186351       0.001503
   486    0.254218    0.423697   -1.101612       0.001503
   487    0.169479    0.508436   -1.016872       0.001503
   488    0.084739    0.593176   -0.932133       0.001503
   489    0.000000    0.677915   -0.847394       0.001503
   490   -0.084739    0.762654   -0.762654       0.001503
   491   -0.169479    0.847394   -0.677915       0.001503
   492   -0.254218    0.932133   -0.593176       0.001503
   493   -0.338957    1.016872   -0.508436       0.001503
   494   -0.423697    1.101612   -0.423697       0.001503
   495   -0.508436    1.186351   -0.338957       0.001503
   496    0.423697    0.254218   -1.101612       0.001503
   497    0.338957    0.338957   -1.016872       0.001503
   498    0.254218    0.423697   -0.932133       0.001503
   499    0.169479    0.508436   -0.847394       0.001503
   500    0.084739    0.593176   -0.762654       0.001503
   501    0.000000    0.677915   -0.677915       0.001503
   502   -0.084739    0.762654   -0.593176       0.001503
   503   -0.169479    0.847394   -0.508436       0.001503
   504   -0.254218    0.932133   -0.423697       0.001503
   505   -0.338957    1.016872   -0.338957       0.001503
   506   -0.423697    1.101612   -0.254218       0.001503
   507    0.508436    0.169479   -1.016872       0.001503
   508    0.423697    0.254218   -0.932133       0.001503
   509    0.338957    0.338957   -0.847394       0.001503
   510    0.254218    0.423697   -0.762654       0.001503
   511    0.169479    0.508436   -0.677915       0.001503
   512    0.084739    0.593176   -0.593176       0.001503
   513    0.000000    0.677915   -0.508436       0.001503
   514   -0.084739    0.762654   -0.423697       0.001503
   515   -0.169479    0.847394   -0.338957       0.001503
   516   -0.254218    0.932133   -0.254218       0.001503
   517   -0.338957    1.016872   -0.169479       0.001503
   518    0.593176    0.084739   -0.932133       0.001503
   519    0.508436    0.169479   -0.847394       0.001503
   520    0.423697    0.254218   -0.762654       0.001503
   521    0.338957    0.338957   -0.677915       0.001503
   522    0.254218    0.423697   -0.593176       0.001503
   523    0.169479    0.508436   -0.508436       0.001503
   524    0.084739    0.593176   -0.423697       0.001503
   525    0.000000    0.677915   -0.338957       0.001503
   526   -0.084739    0.762654   -0.254218       0.001503
   527   -0.169479    0.847394   -0.169479       0.001503
   528   -0.254218    0.932133   -0.084739       0.001503
   529    0.677915    0.000000   -0.847394       0.001503
   530    0.593176    0.084739   -0.762654       0.001503
   531    0.508436    0.169479   -0.677915       0.001503
   532    0.423697    0.254218   -0.593176       0.001503
   533    0.338957    0.338957   -0.508436       0.001503
   534    0.254218    0.423697   -0.423697       0.001503
   535    0.169479    0.508436   -0.338957       0.001503
   536    0.084739    0.593176   -0.254218       0.001503
   537    0.000000    0.677915   -0.169479       0.001503
   538   -0.084739    0.762654   -0.084739       0.001503
   539   -0.169479    0.847394    0.000000       0.001503
   540    0.762654   -0.084739   -0.762654       0.001503
   541    0.677915    0.000000   -0.677915       0.001503
   542    0.593176    0.084739   -0.593176       0.001503
   543    0.508436    0.169479   -0.508436       0.001503
   544    0.423697    0.254218   -0.423697       0.001503
   545    0.338957    0.338957   -0.338957       0.001503
   546    0.254218    0.423697   -0.254218       0.001503
   547    0.169479    0.508436   -0.169479       0.001503
   548    0.084739    0.593176   -0.084739       0.001503
   549    0.000000    0.677915    0.000000       0.001503
   550   -0.084739    0.762654    0.084739       0.001503
   551    0.847394   -0.169479   -0.677915       0.001503
   552    0.762654   -0.084739   -0.593176       0.001503
   553    0.677915    0.000000   -0.508436       0.001503
   554    0.593176    0.084739   -0.423697       0.001503
   555    0.508436    0.169479   -0.338957       0.001503
   556    0.423697    0.254218   -0.254218       0.001503
   557    0.338957    0.338957   -0.169479       0.001503
   558    0.254218    0.423697   -0.084739       0.001503
   559    0.169479    0.508436    0.000000       0.001503
   560    0.084739    0.593176    0.084739       0.001503
   561    0.000000    0.677915    0.169479       0.001503
   562    0.932133   -0.254218   -0.593176       0.001503
   563    0.847394   -0.169479   -0.508436       0.001503
   564    0.762654   -0.084739   -0.423697       0.001503
   565    0.677915    0.000000   -0.338957       0.001503
   566    0.593176    0.084739   -0.254218       0.001503
   567    0.508436    0.169479   -0.169479       0.001503
   568    0.423697    0.254218   -0.084739       0.001503
   569    0.338957    0.338957    0.000000       0.001503
   570    0.254218    0.423697    0.084739       0.001503
   571    0.169479    0.508436    0.169479       0.001503
   572    0.084739    0.593176    0.254218       0.001503
   573    1.016872   -0.338957   -0.508436       0.001503
   574    0.932133   -0.254218   -0.423697       0.001503
   575    0.847394   -0.169479   -0.338957       0.001503
   576    0.762654   -0.084739   -0.254218       0.001503
   577    0.677915    0.000000   -0.169479       0.001503
   578    0.593176    0.084739   -0.084739       0.001503
   579    0.508436    0.169479    0.000000       0.001503
   580    0.423697    0.254218    0.084739       0.001503
   581    0.338957    0.338957    0.169479       0.001503
   582    0.254218    0.423697    0.254218       0.001503
   583    0.169479    0.508436    0.338957       0.001503
   584    1.101612   -0.423697   -0.423697       0.001503
   585    1.016872   -0.338957   -0.338957       0.001503
   586    0.932133   -0.254218   -0.254218       0.001503
   587    0.847394   -0.169479   -0.169479       0.001503
   588    0.762654   -0.084739   -0.084739       0.001503
   589    0.677915    0.000000    0.000000       0.001503
   590    0.593176    0.084739    0.084739       0.001503
   591    0.508436    0.169479    0.169479       0.001503
   592    0.423697    0.254218    0.254218       0.001503
   593    0.338957    0.338957    0.338957       0.001503
   594    0.254218    0.423697    0.423697       0.001503
   595    1.186351   -0.508436   -0.338957       0.001503
   596    1.101612   -0.423697   -0.254218       0.001503
   597    1.016872   -0.338957   -0.169479       0.001503
   598    0.932133   -0.254218   -0.084739       0.001503
   599    0.847394   -0.169479    0.000000       0.001503
   600    0.762654   -0.084739    0.084739       0.001503
   601    0.677915    0.000000    0.169479       0.001503
   602    0.593176    0.084739    0.254218       0.001503
   603    0.508436    0.169479    0.338957       0.001503
   604    0.423697    0.254218    0.423697       0.001503
   605    0.338957    0.338957    0.508436       0.001503
   606    0.423697    0.423697   -1.271090       0.001503
   607    0.338957    0.508436   -1.186351       0.001503
   608    0.254218    0.593176   -1.101612       0.001503
   609    0.169479    0.677915   -1.016872       0.001503
   610    0.084739    0.762654   -0.932133       0.001503
   611    0.000000    0.847394   -0.847394       0.001503
   612   -0.084739    0.932133   -0.762654       0.001503
   613   -0.169479    1.016872   -0.677915       0.001503
   614   -0.254218    1.101612   -0.593176       0.001503
   615   -0.338957    1.186351   -0.508436       0.001503
   616   -0.423697    1.271090   -0.423697       0.001503
   617    0.508436    0.338957   -1.186351       0.001503
   618    0.423697    0.423697   -1.101612       0.001503
   619    0.338957    0.508436   -1.016872       0.001503
   620    0.254218    0.593176   -0.932133       0.001503
   621    0.169479    0.677915   -0.847394       0.001503
   622    0.084739    0.762654   -0.762654       0.001503
   623    0.000000    0.847394   -0.677915       0.001503
   624   -0.084739    0.932133   -0.593176       0.001503
   625   -0.169479    1.016872   -0.508436       0.001503
   626   -0.254218    1.101612   -0.423697       0.001503
   627   -0.338957    1.186351   -0.338957       0.001503
   628    0.593176    0.254218   -1.101612       0.001503
   629    0.508436    0.338957   -1.016872       0.001503
   630    0.423697    0.423697   -0.932133       0.001503
   631    0.338957    0.508436   -0.847394       0.001503
   632    0.254218    0.593176   -0.762654       0.001503
   633    0.169479    0.677915   -0.677915       0.001503
   634    0.084739    0.762654   -0.593176       0.001503
   635    0.000000    0.847394   -0.508436       0.001503
   636   -0.084739    0.932133   -0.423697       0.001503
   637   -0.169479    1.016872   -0.338957       0.001503
   638   -0.254218    1.101612   -0.254218       0.001503
   639    0.677915    0.169479   -1.016872       0.001503
   640    0.593176    0.254218   -0.932133       0.001503
   641    0.508436    0.338957   -0.847394       0.001503
   642    0.423697    0.423697   -0.762654       0.001503
   643    0.338957    0.508436   -0.677915       0.001503
   644    0.254218    0.593176   -0.593176       0.001503
   645    0.169479    0.677915   -0.508436       0.001503
   646    0.084739    0.762654   -0.423697       0.001503
   647    0.000000    0.847394   -0.338957       0.001503
   648   -0.084739    0.932133   -0.254218       0.001503
   649   -0.169479    1.016872   -0.169479       0.001503
   650    0.762654    0.084739   -0.932133       0.001503
   651    0.677915    0.169479   -0.847394       0.001503
   652    0.593176    0.254218   -0.762654       0.001503
   653    0.508436    0.338957   -0.677915       0.001503
   654    0.423697    0.423697   -0.593176       0.001503
   655    0.338957    0.508436   -0.508436       0.001503
   656    0.254218    0.593176   -0.423697       0.001503
   657    0.169479    0.677915   -0.338957       0.001503
   658    0.084739    0.762654   -0.254218       0.001503
   659    0.000000    0.847394   -0.169479       0.001503
   660   -0.084739    0.932133   -0.084739       0.001503
   661    0.847394    0.000000   -0.847394       0.001503
   662    0.762654    0.084739   -0.762654       0.001503
   663    0.677915    0.169479   -0.677915       0.001503
   664    0.593176    0.254218   -0.593176       0.001503
   665    0.508436    0.338957   -0.508436       0.001503
   666    0.423697    0.423697   -0.423697       0.001503
   667    0.338957    0.508436   -0.338957       0.001503
   668    0.254218    0.593176   -0.254218       0.001503
   669    0.169479    0.677915   -0.169479       0.001503
   670    0.084739    0.762654   -0.084739       0.001503
   671    0.000000    0.847394    0.000000       0.001503
   672    0.932133   -0.084739   -0.762654       0.001503
   673    0.847394    0.000000   -0.677915       0.001503
   674    0.762654    0.084739   -0.593176       0.001503
   675    0.677915    0.169479   -0.508436       0.001503
   676    0.593176    0.254218   -0.423697       0.001503
   677    0.508436    0.338957   -0.338957       0.001503
   678    0.423697    0.423697   -0.254218       0.001503
   679    0.338957    0.508436   -0.169479       0.001503
   680    0.254218    0.593176   -0.084739       0.001503
   681    0.169479    0.677915    0.000000       0.001503
   682    0.084739    0.762654    0.084739       0.001503
   683    1.016872   -0.169479   -0.677915       0.001503
   684    0.932133   -0.084739   -0.593176       0.001503
   685    0.847394    0.000000   -0.508436       0.001503
   686    0.762654    0.084739   -0.423697       0.001503
   687    0.677915    0.169479   -0.338957       0.001503
   688    0.593176    0.254218   -0.254218       0.001503
   689    0.508436    0.338957   -0.169479       0.001503
   690    0.423697    0.423697   -0.084739       0.001503
   691    0.338957    0.508436    0.000000       0.001503
   692    0.254218    0.593176    0.084739       0.001503
   693    0.169479    0.677915    0.169479       0.001503
   694    1.101612   -0.254218   -0.593176       0.001503
   695    1.016872   -0.169479   -0.508436       0.001503
   696    0.932133   -0.084739   -0.423697       0.001503
   697    0.847394    0.000000   -0.338957       0.001503
   698    0.762654    0.084739   -0.254218       0.001503
   699    0.677915    0.169479   -0.169479       0.001503
   700    0.593176    0.254218   -0.084739       0.001503
   701    0.508436    0.338957    0.000000       0.001503
   702    0.423697    0.423697    0.084739       0.001503
   703    0.338957    0.508436    0.169479       0.001503
   704    0.254218    0.593176    0.254218       0.001503
   705    1.186351   -0.338957   -0.508436       0.001503
   706    1.101612   -0.254218   -0.423697       0.001503
   707    1.016872   -0.169479   -0.338957       0.001503
   708    0.932133   -0.084739   -0.254218       0.001503
   709    0.847394    0.000000   -0.169479       0.001503
   710    0.762654    0.084739   -0.084739       0.001503
   711    0.677915    0.169479    0.000000       0.001503
   712    0.593176    0.254218    0.084739       0.001503
   713    0.508436    0.338957    0.169479       0.001503
   714    0.423697    0.423697    0.254218       0.001503
   715    0.338957    0.508436    0.338957       0.001503
   716    1.271090   -0.423697   -0.423697       0.001503
   717    1.186351   -0.338957   -0.338957       0.001503
   718    1.101612   -0.254218   -0.254218       0.001503
   719    1.016872   -0.169479   -0.169479       0.001503
   720    0.932133   -0.084739   -0.084739       0.001503
   721    0.847394    0.000000    0.000000       0.001503
   722    0.762654    0.084739    0.084739       0.001503
   723    0.677915    0.169479    0.169479       0.001503
   724    0.593176    0.254218    0.254218       0.001503
   725    0.508436    0.338957    0.338957       0.001503
   726    0.423697    0.423697    0.423697       0.001503
