   1.84509092280067      -0.544897287384324       4.859868671395979E-003
  4.859868917888503E-003 -4.859868609887151E-003 -4.275864401421354E-003
 -4.275864062156334E-003  4.275863258970071E-003  4.467700395052607E-002
 -8.764067667366258E-004 -8.764072028255589E-004  8.764070062421710E-004
  7.689093653995534E-004  7.689096546927009E-004 -7.689093525481176E-004
   7.07289994461893      -1.999703431399298E-002  1.999703597044708E-002
  -10.8381125879918       1.797741093379421E-002 -1.797741375589242E-002
   7.07289996145502       1.999701808958686E-002  1.797741550298084E-002
  -10.8381126245672      -1.797739693706876E-002   7.07289996828802     
 -1.797741440210960E-002 -1.797739593725545E-002  -10.8381126384941     
   4.24647998915746      -1.563445436804714E-002  1.563445524924795E-002
   4.24648000773660       1.563443895650715E-002   4.24648001460895     
   1.84509237330402      -0.544896352384197      -4.855085903351522E-003
 -4.855087728609557E-003  4.855086527536794E-003  4.270255913286594E-003
  4.270257502818129E-003 -4.270256573682882E-003  4.467681680639108E-002
  8.690699848519889E-004  8.690728415660006E-004 -8.690714436828780E-004
 -7.632865249785270E-004 -7.632887363215984E-004  7.632877266768393E-004
   7.07289580921325      -1.998606132083985E-002  1.998607269599474E-002
  -10.8381002082193       1.796125541896196E-002 -1.796126803824616E-002
   7.07289582725169       1.998603988282923E-002  1.796125942134966E-002
  -10.8381002481895      -1.796123437602305E-002   7.07289583712934     
 -1.796127108855787E-002 -1.796123437111287E-002  -10.8381002691442     
   4.24647388643858      -1.561700000572640E-002  1.561701091871730E-002
   4.24647390680174       1.561697757162182E-002   4.24647391683013     
