   1.73038442827357      -0.345785414513627       1.470973969835013E-019
 -1.640401773212292E-019 -1.517883041479706E-018  1.638491273880568E-019
  2.010871931671752E-019 -1.301042606982605E-018  2.296363081054362E-002
  7.560369138334495E-020  1.713453735088997E-020  1.355252715606881E-019
 -1.992731352729798E-019 -3.075779824731503E-019  5.421010862427522E-020
   5.96064041709859      -1.277721509338657E-014  3.085140044816294E-015
  -8.57832709796862       9.188138109770573E-015 -2.173711622678518E-015
   5.96064041709859      -5.977857098216077E-015  9.155433789372211E-015
  -8.57832709796862       4.315992008230296E-015   5.96064041709859     
 -2.180102824729531E-015  4.279137641677256E-015  -8.57832709796862     
   3.20190373427853      -6.880171068745361E-015  1.583796726555907E-015
   3.20190373427852      -3.209238430557093E-015   3.20190373427852     
   1.73038442827357      -0.345785414513627      -9.060390420074357E-019
  1.031402265281176E-018  4.336808689942018E-019 -5.542831366493586E-020
 -2.010876147518259E-019  1.084202172485504E-018  2.296363081054362E-002
 -8.238029779045614E-020 -1.713472821080443E-020 -1.355252715606881E-019
  9.085284911946487E-020  1.991579967515597E-019  5.421010862427522E-020
   5.96064041709859      -1.277721514251193E-014  3.085140063010340E-015
  -8.57832709796862       9.202015942984284E-015 -2.173711656325084E-015
   5.96064041709859      -5.984795992119984E-015  9.155433808598820E-015
  -8.57832709796862       4.309053114326389E-015   5.96064041709859     
 -2.173163983947235E-015  4.282607110766967E-015  -8.57832709796862     
   3.20190373427853      -6.880171105571189E-015  1.583796742516233E-015
   3.20190373427852      -3.184952301893418E-015   3.20190373427852     
