   1.73626753739779      -0.352037888795312      -9.051674806703707E-019
 -5.875886020696122E-019 -1.517883041479706E-018  7.757425728054949E-019
  1.875753261481192E-019  1.084202172485504E-018  2.355387859844298E-002
  7.108178832088507E-020  1.767936752895510E-020  1.355252715606881E-019
 -9.227115174354855E-020 -2.535974526377466E-019  1.355252715606881E-019
   6.42384806200516      -1.380157096275878E-014  3.271498284859675E-015
  -9.50710089479554       1.020597959961068E-014 -2.387571075030189E-015
   6.42384806200516      -6.484396353201305E-015  1.024412798447453E-014
  -9.50710089479554       4.787836793695988E-015   6.42384806200516     
 -2.370753125640386E-015  4.740492428905084E-015  -9.50710089479554     
   3.63096707237942      -7.751475655484493E-015  1.811169797976007E-015
   3.63096707237942      -3.642919299551295E-015   3.63096707237942     
   1.73626753739779      -0.352037888795312       7.967474632082984E-019
  5.875886324612660E-019  1.301042606982605E-018 -6.673224611308463E-019
 -6.212562215108185E-019  6.505213034913027E-019  2.355387859844299E-002
 -7.785830280595666E-020 -1.767941939814691E-020 -1.355252715606881E-019
 -1.516742451567244E-019 -7.166318203429132E-020  0.000000000000000E+000
   6.42384806200516      -1.377381539300436E-014  3.278437176707979E-015
  -9.50710089479555       1.020597960556669E-014 -2.366754393385002E-015
   6.42384806200516      -6.526029716624748E-015  1.023025019670474E-014
  -9.50710089479555       4.787836793695988E-015   6.42384806200516     
 -2.363814232669994E-015  4.761309118526316E-015  -9.50710089479554     
   3.63096707237942      -7.765353450245961E-015  1.804230901597323E-015
   3.63096707237942      -3.646388746503249E-015   3.63096707237942     
