   1.73649712424321      -0.352262622849154      -1.128342763052533E-018
 -5.874888254033588E-019 -2.168404344971009E-018  5.636225142884082E-019
 -2.460528513609852E-019  1.951563910473908E-018  2.357075492772474E-002
  9.775979137673261E-020 -3.651020351415944E-020  0.000000000000000E+000
 -6.481579351372663E-020 -9.104676777884465E-020  5.421010862427522E-020
   6.42320723213380      -1.378768333745923E-014  3.278388262707627E-015
  -9.50575651388086       1.019901839939836E-014 -2.380576288830756E-015
   6.42320723213380      -6.498274141009119E-015  1.022327936430822E-014
  -9.50575651388086       4.805184028455756E-015   6.42320723213380     
 -2.356590269109825E-015  4.754474744624390E-015  -9.50575651388086     
   3.63031322481989      -7.751453201894235E-015  1.811126429121254E-015
   3.63031322481989      -3.656797087359109E-015   3.63031322481989     
   1.73649712424321      -0.352262622849154      -6.427990545347462E-020
 -2.798733212824392E-019  4.336808689942018E-019 -5.636223554906731E-019
  2.460533597678783E-019 -1.951563910473908E-018  2.357075492772475E-002
 -2.891742566446486E-021  3.651031793017036E-020 -1.219727444046192E-019
 -7.070963930527254E-020  9.104665581283298E-020  2.710505431213761E-020
   6.42320723213380      -1.379462224030647E-014  3.278388268831656E-015
  -9.50575651388087       1.019207951362978E-014 -2.352820721758433E-015
   6.42320723213380      -6.463579671489583E-015  1.021634047528620E-014
  -9.50575651388086       4.791306240647941E-015   6.42320723213380     
 -2.363529172585168E-015  4.761413640227941E-015  -9.50575651388086     
   3.63031322481989      -7.758392103564387E-015  1.790309753921674E-015
   3.63031322481989      -3.632510958695434E-015   3.63031322481989     
