   1.72559869250267      -0.356209468734299      -3.672684309227981E-018
  1.091003959086977E-018  1.084202172485504E-018 -2.657694367229321E-019
  2.465856068309637E-019 -8.673617379884035E-019  2.356897519768171E-002
 -1.295242356840796E-019 -3.765690121020374E-020  1.626303258728257E-019
  1.046187577622748E-019 -8.321601425275283E-020 -1.355252715606881E-019
   6.44141389898806      -1.387912811709566E-014  3.333342990804422E-015
  -9.52897276752661       1.016620462501578E-014 -2.442341273873101E-015
   6.44141389898806      -6.470518565393490E-015  1.019513232578241E-014
  -9.52897276752662       4.770489558936220E-015   6.44141389898805     
 -2.438103684355035E-015  4.741124885871989E-015  -9.52897276752661     
   3.64384726627789      -7.777589309345912E-015  1.831348977230915E-015
   3.64384726627789      -3.674144322118877E-015   3.64384726627789     
   1.72559869250267      -0.356209468734299       8.537590586373334E-019
 -2.236412508856838E-019 -8.673617379884035E-019  3.741896384149456E-019
 -2.465867713122038E-019  7.589415207398531E-019  2.356897519768172E-002
  1.295221283193685E-019 -1.249741368339887E-019 -5.421010862427522E-020
 -5.040675747227198E-020  2.458470146528779E-019  1.355252715606881E-019
   6.44141389898806      -1.386525029937728E-014  3.319465223080472E-015
  -9.52897276752661       1.019742961856691E-014 -2.428463514000468E-015
   6.44141389898806      -6.470518565393490E-015  1.018472400088951E-014
  -9.52897276752661       4.787836793695988E-015   6.44141389898805     
 -2.451981444495340E-015  4.768880439619365E-015  -9.52897276752661     
   3.64384726627789      -7.822692093702651E-015  1.838287896269079E-015
   3.64384726627790      -3.708838791638414E-015   3.64384726627789     
