0.00455	0	-0.115718	-0.115718	-0.001484	0.004278	0.000446
6.75236	0	-0.101502	-0.101502	-3.89838	3.90525	-3.8918
6.74749	0	-0.11477	-0.11477	-22.113	7.8005	6.52401
6.75236	0	-0.101452	-0.101452	2.74856	5.51806	2.75514
9.56469	0	-0.0340611	-0.0340611	-1.15905	9.42692	-1.1283
9.5466	0	-0.0755995	-0.0755995	-5.04195	13.3145	-5.03784
6.74755	0	-0.114888	-0.114888	-8.80838	11.0287	19.8287
9.54669	0	-0.0757898	-0.0757898	1.61134	14.9289	1.61545
9.54582	0	-0.0405145	-0.0405145	-2.28636	18.8191	-2.27991
6.75262	0	-0.150811	-0.150811	-8.19936	28.2272	1.35029
9.54933	0	-0.114664	-0.114664	-8.67252	3.89927	0.879085
9.54638	0	-0.113165	-0.113165	-12.5667	7.8	-3.01925
9.54933	0	-0.114618	-0.114618	-2.02101	5.5132	7.5306
11.7312	0	0.0461511	0.0461511	-5.97295	9.39724	3.69279
11.6957	0	0.12422	0.12422	-9.80134	13.3194	-0.265618
9.54643	0	-0.113251	-0.113251	0.735082	11.0276	10.2826
11.6958	0	0.123886	0.123886	-3.16167	14.9305	6.37405
11.6789	0	0.0498924	0.0498924	-7.04357	18.8214	2.47674
6.74833	0	-0.11924	-0.11924	-12.9725	28.2252	6.12392
9.54129	0	-0.121376	-0.121376	-5.18252	20.4266	13.9195
9.5481	0	-0.126959	-0.126959	-17.3395	7.79533	1.75226
9.54126	0	-0.121365	-0.121365	-18.4843	17.1991	0.617756
11.6695	0	-0.132837	-0.132837	-10.6987	9.39402	8.41937
11.7183	0	-0.0613904	-0.0613904	-14.5574	13.2993	4.50556
9.54815	0	-0.127053	-0.127053	-4.03536	11.0235	15.0564
11.7184	0	-0.0614938	-0.0614938	-7.92766	14.9079	11.1353
11.7034	0	-0.125804	-0.125804	-11.8204	18.8133	7.25554
4.77686	0	-0.120146	-0.120146	-1.01292	2.76181	3.76362
8.28987	0	-0.0556065	-0.0556065	-4.91664	6.67353	-0.112304
8.26449	0	-0.098801	-0.098801	-8.80918	10.5561	-4.03062
10.6719	0	-0.103043	-0.103043	1.74173	8.27439	6.51839
12.6593	0	0.253879	0.253879	-2.21163	12.2033	2.63961
12.6239	0	0.156159	0.156159	-6.06216	16.071	-1.27401
4.76933	0	-0.121313	-0.121313	4.50344	13.7854	9.27541
8.26276	0	-0.0965654	-0.0965654	0.610918	17.6859	5.38266
8.2599	0	-0.0813362	-0.0813362	-3.2887	21.5835	1.48114
10.6672	0	-0.127968	-0.127968	-17.4761	14.4421	-3.14817
12.6058	0	-0.143446	-0.143446	-9.6898	6.63126	4.65077
12.6412	0	-0.0693391	-0.0693391	-13.5609	10.5547	0.758276
14.3182	0	-0.118585	-0.118585	-14.7199	19.9593	-0.396905
15.7752	0	0.0599733	0.0599733	-6.95133	12.095	7.36521
15.8024	0	0.162868	0.162868	-10.7513	16.0338	3.47292
10.6731	0	-0.121845	-0.121845	-0.274817	13.7787	14.0473
12.6296	0	-0.0875913	-0.0875913	-4.16933	17.676	10.1454
12.622	0	-0.136886	-0.136886	-8.06114	21.5763	6.24913
4.77139	0	-0.110965	-0.110965	-22.2497	14.4489	1.62285
8.26332	0	-0.109345	-0.109345	-14.4611	6.65437	9.42284
8.27089	0	-0.112897	-0.112897	-18.3465	10.5543	5.51754
10.6728	0	-0.126138	-0.126138	-7.80028	8.26737	16.0671
12.6295	0	-0.0962643	-0.0962643	-11.7024	12.1676	12.1711
12.6299	0	-0.0939858	-0.0939858	-15.5895	16.0624	8.27182
4.77384	0	-0.1196	-0.1196	-5.04441	13.7804	18.8215
8.27303	0	-0.10046	-0.10046	-8.94065	17.6747	14.9194
8.2685	0	-0.115625	-0.115625	-12.837	21.574	11.0254
4.77686	0	-0.120196	-0.120196	-4.33592	1.95551	0.440608
10.6718	0	-0.103022	-0.103022	-8.23249	5.85424	-3.45582
4.76928	0	-0.121235	-0.121235	-12.1307	9.74931	-7.35868
8.28987	0	-0.0556337	-0.0556337	-1.60447	7.4772	3.19987
12.6592	0	0.254105	0.254105	-5.50372	11.4045	-0.652469
8.26269	0	-0.0964088	-0.0964088	-9.37988	15.2618	-4.60814
8.26456	0	-0.0990082	-0.0990082	1.17536	12.9787	5.95393
12.6238	0	0.15597	0.15597	-2.72374	16.881	2.06442
8.25995	0	-0.0813628	-0.0813628	-6.6201	20.7751	-1.85026
10.6672	0	-0.128003	-0.128003	-0.845619	18.4773	13.4823
14.3182	0	-0.11855	-0.11855	-4.73981	22.3808	9.58314
10.6731	0	-0.121794	-0.121794	-16.9012	9.7445	-2.57903
12.6058	0	-0.143484	-0.143484	-6.35787	7.43972	7.98271
15.7752	0	0.060086	0.060086	-10.2042	11.3057	4.11235
12.6295	0	-0.087475	-0.087475	-14.1408	15.2566	0.173932
12.6412	0	-0.0694847	-0.0694847	-3.61214	12.9687	10.707
15.8024	0	0.162786	0.162786	-7.46026	16.8324	6.76392
12.6221	0	-0.13689	-0.13689	-11.3865	20.7694	2.92375
4.77143	0	-0.111016	-0.111016	-5.61833	18.4844	18.2542
10.6728	0	-0.126098	-0.126098	-17.7794	5.84604	6.08804
4.7738	0	-0.119502	-0.119502	-21.6756	9.74497	2.19031
8.26332	0	-0.109355	-0.109355	-11.1354	7.46132	12.7486
12.6295	0	-0.0961943	-0.0961943	-15.0256	11.3613	8.84789
8.27296	0	-0.100362	-0.100362	-18.9144	15.2547	4.94565
8.27096	0	-0.113048	-0.113048	-8.37205	12.9745	15.492
12.6299	0	-0.0940457	-0.0940457	-12.267	16.8686	11.5943
8.26855	0	-0.115668	-0.115668	-16.1623	20.7672	7.70012
4.78209	0	-0.101587	-0.101587	-0.578675	4.71321	-0.564941
10.673	0	-0.0850491	-0.0850491	-4.47216	8.60961	-4.46149
4.77353	0	-0.113452	-0.113452	-22.6858	12.504	5.9539
10.6731	0	-0.085128	-0.085128	2.17673	10.2229	2.1874
14.3098	0	-0.0300172	-0.0300172	-1.72329	14.1237	-1.70369
10.6672	0	-0.109593	-0.109593	-19.9302	18.0205	8.69777
4.77361	0	-0.113573	-0.113573	-9.37959	15.7327	19.2601
10.6671	0	-0.109633	-0.109633	-13.2664	19.6374	15.3615
4.7701	0	-0.105276	-0.105276	-17.1729	23.526	11.4645
8.26591	0	-0.153343	-0.153343	-5.34892	4.68813	4.21139
12.6336	0	-0.127197	-0.127197	-9.24363	8.60615	0.312932
8.26315	0	-0.129634	-0.129634	-13.1469	12.5008	-3.59837
12.6336	0	-0.127363	-0.127363	-2.5968	10.2189	6.95976
12.6228	0	-0.0811713	-0.0811713	-10.3816	18.0169	-0.84055
8.2632	0	-0.129771	-0.129771	0.17307	15.7328	9.7216
12.6227	0	-0.0812643	-0.0812643	-3.72697	19.6315	5.81411
8.257	0	-0.141009	-0.141009	-7.62617	23.536	1.91538
8.25546	0	-0.116984	-0.116984	-10.1237	4.6978	8.98383
12.6144	0	-0.14469	-0.14469	-14.0239	8.59013	5.0872
8.27233	0	-0.111162	-0.111162	-17.9065	12.4983	1.18549
12.6144	0	-0.144787	-0.144787	-7.36746	10.2053	11.7437
15.8315	0	-0.132238	-0.132238	-11.2493	14.1081	7.82613
12.6345	0	-0.107764	-0.107764	-15.1467	18.0061	3.93431
8.27238	0	-0.111256	-0.111256	-4.60952	15.7247	14.4825
12.6346	0	-0.107793	-0.107793	-8.499	19.619	10.582
8.26915	0	-0.136828	-0.136828	-12.3992	23.5226	6.69169
2.93104	0	-0.124676	-0.124676	-1.48217	2.35937	0.909691
8.77822	0	-0.0815931	-0.0815931	-5.38107	6.26329	-2.97866
5.59272	0	-0.114361	-0.114361	-9.27447	10.1516	-6.8901
8.77822	0	-0.0815998	-0.0815998	1.26333	7.8755	3.66575
12.0847	0	0.0833879	0.0833879	-2.64629	11.7895	-0.214316
9.96849	0	-0.0758862	-0.0758862	-6.52087	15.6782	-4.15956
5.5928	0	-0.114502	-0.114502	4.03512	13.381	6.41948
9.96856	0	-0.0760679	-0.0760679	0.158768	17.2989	2.52008
7.35049	0	-0.0713943	-0.0713943	-3.7616	21.176	-1.37657
8.77221	0	-0.139565	-0.139565	-6.25508	2.34246	5.6867
12.0543	0	-0.114181	-0.114181	-10.1533	6.24609	1.78985
9.98802	0	-0.0945867	-0.0945867	-14.0402	10.1505	-2.10727
12.0543	0	-0.114221	-0.114221	-3.50122	7.86015	8.4419
12.955	0	-0.00892507	-0.00892507	-11.2836	15.6615	0.632991
9.98806	0	-0.0947092	-0.0947092	-0.74696	13.376	11.186
12.9551	0	-0.00910151	-0.00910151	-4.629	17.2762	7.28757
11.0435	0	-0.139855	-0.139855	-8.53598	21.201	3.39176
5.5909	0	-0.127104	-0.127104	-11.029	2.34951	10.459
9.9768	0	-0.130028	-0.130028	-14.9304	6.24498	6.56343
7.35883	0	-0.123478	-0.123478	-18.8172	10.1483	2.66162
9.9768	0	-0.130068	-0.130068	-8.27465	7.85994	13.2192
12.9582	0	-0.102261	-0.102261	-12.1685	11.7577	9.31565
11.0796	0	-0.0865825	-0.0865825	-16.0482	15.6551	5.41582
7.35888	0	-0.123606	-0.123606	-5.51559	13.3758	15.9632
11.0797	0	-0.0866636	-0.0866636	-9.4098	17.2659	12.0542
8.77078	0	-0.122259	-0.122259	-13.3058	21.1713	8.16875
7.36388	0	-0.109815	-0.109815	-2.49592	5.11206	4.67589
11.1102	0	0.0343108	0.0343108	-6.41094	9.0377	0.81025
8.74527	0	-0.0901486	-0.0901486	-10.3039	12.9033	-3.14315
9.98543	0	-0.0967398	-0.0967398	0.263655	10.6243	7.42781
12.733	0	1.71751	1.71751	-3.41797	14.6154	3.58912
11.0517	0	0.00858346	0.00858346	-7.52878	18.4285	-0.37876
5.59596	0	-0.129969	-0.129969	3.02687	16.1369	10.1886
9.98396	0	-0.0982275	-0.0982275	-0.870622	20.0364	6.28951
7.35004	0	-0.106457	-0.106457	-4.76856	23.9356	2.38897
9.96979	0	-0.136291	-0.136291	-7.26462	5.09619	9.45715
12.9255	0	-0.174661	-0.174661	-11.1801	8.97464	5.56417
11.0783	0	-0.104835	-0.104835	-15.0433	12.903	1.65507
12.0542	0	-0.113619	-0.113619	-4.51	10.6173	12.2
14.6666	0	0.00816635	0.00816635	-8.39711	14.4903	8.25486
12.9655	0	-0.0730952	-0.0730952	-12.2897	18.4194	4.40298
8.76811	0	-0.128221	-0.128221	-1.75314	16.1279	14.9567
12.0526	0	-0.112759	-0.112759	-5.64773	20.0265	11.0588
9.98281	0	-0.137511	-0.137511	-9.54322	23.9295	7.16409
5.59819	0	-0.120364	-0.120364	-12.0413	5.11253	14.2234
9.98927	0	-0.0818491	-0.0818491	-15.9392	9.014	10.3311
7.35752	0	-0.108694	-0.108694	-19.8271	12.9058	6.42329
8.7674	0	-0.102736	-0.102736	-9.27949	10.6246	16.9737
12.0535	0	-0.0670116	-0.0670116	-13.1806	14.521	13.0789
9.98285	0	-0.0778592	-0.0778592	-17.0714	18.4164	9.17848
2.9226	0	-0.124248	-0.124248	-6.52347	16.1341	19.7313
8.77088	0	-0.113375	-0.113375	-10.4157	20.0352	15.8319
5.59603	0	-0.112538	-0.112538	-14.3159	23.9285	11.9347
7.36388	0	-0.10984	-0.10984	-5.81847	4.30587	1.35333
9.98537	0	-0.0966076	-0.0966076	-9.71205	8.2038	-2.54789
5.59593	0	-0.129904	-0.129904	-13.6142	12.0991	-6.45246
11.1102	0	0.0341887	0.0341887	-3.10061	9.84092	4.12058
12.7329	0	1.7178	1.7178	-7.02911	13.7392	-0.022015
9.98391	0	-0.0981516	-0.0981516	-10.8572	17.6133	-3.69705
8.74534	0	-0.090397	-0.090397	-0.282708	15.3348	6.87807
11.0516	0	0.00851983	0.00851983	-4.19101	19.2384	2.95902
7.3501	0	-0.106515	-0.106515	-8.09869	23.1275	-0.941147
9.96979	0	-0.136288	-0.136288	-10.5956	4.28795	6.12613
12.0541	0	-0.113516	-0.113516	-14.4827	8.19752	2.22738
8.76809	0	-0.128183	-0.128183	-18.3806	12.0934	-1.67067
12.9255	0	-0.174737	-0.174737	-7.84011	9.78506	8.90417
14.6665	0	0.00824853	0.00824853	-11.6743	13.6951	4.97765
12.0526	0	-0.112726	-0.112726	-15.6244	17.6057	1.08218
11.0783	0	-0.104952	-0.104952	-5.07917	15.3207	11.6192
12.9655	0	-0.0731206	-0.0731206	-8.97	19.2249	7.72264
9.98285	0	-0.137552	-0.137552	-12.8724	23.1217	3.83495
5.59819	0	-0.120392	-0.120392	-15.3661	4.3058	10.8987
8.76733	0	-0.102621	-0.102621	-19.2579	8.20343	6.99526
2.92253	0	-0.124164	-0.124164	-23.1565	12.0983	3.09831
9.98927	0	-0.0818884	-0.0818884	-12.6161	9.82033	13.6542
12.0534	0	-0.0669168	-0.0669168	-16.5044	13.7145	9.75508
8.77082	0	-0.113328	-0.113328	-20.3994	17.6127	5.84821
7.3576	0	-0.108856	-0.108856	-9.84851	15.3271	16.4019
9.98281	0	-0.0778765	-0.0778765	-13.745	19.2235	12.5049
5.59611	0	-0.112625	-0.112625	-17.6428	23.1213	8.60782
7.37514	0	-0.0909827	-0.0909827	-2.06295	7.07224	0.346938
9.97666	0	-0.0199305	-0.0199305	-5.95657	10.9613	-3.56183
5.59517	0	-0.120543	-0.120543	-9.84951	14.8577	-7.46254
9.97674	0	-0.0201487	-0.0201487	0.706042	12.5779	3.10077
12.0515	0	0.102508	0.102508	-3.19991	16.4682	-0.795933
8.76414	0	-0.0926786	-0.0926786	-7.09046	20.371	-4.70831
5.59524	0	-0.120637	-0.120637	3.4655	18.0885	5.85246
8.76405	0	-0.0926391	-0.0926391	-0.430587	21.987	1.95157
2.9193	0	-0.116632	-0.116632	-4.33252	25.8792	-1.94682
11.0526	0	-0.185226	-0.185226	-6.83006	7.0154	5.12784
12.9844	0	0.0310739	0.0310739	-10.6857	10.9568	1.23228
9.98564	0	-0.108631	-0.108631	-14.6194	14.8516	-2.68315
12.9845	0	0.0308534	0.0308534	-4.08514	12.5583	7.83284
14.4869	0	1.62526	1.62526	-7.99939	16.6358	3.96288
12.05	0	-0.111002	-0.111002	-11.8634	20.3667	0.06812
9.98568	0	-0.108724	-0.108724	-1.31218	18.0805	10.6241
12.05	0	-0.110983	-0.110983	-5.2059	21.9821	6.7256
8.76851	0	-0.131353	-0.131353	-9.10709	25.8805	2.82744
8.75516	0	-0.127767	-0.127767	-11.6061	7.05058	9.89539
11.0735	0	-0.102095	-0.102095	-15.4873	10.9532	5.99002
7.35722	0	-0.122989	-0.122989	-19.3885	14.8497	2.09356
11.0736	0	-0.10222	-0.10222	-8.84329	12.5653	12.634
12.9694	0	-0.0965568	-0.0965568	-12.7316	16.4623	8.73716
9.9843	0	-0.111028	-0.111028	-16.6317	20.3639	4.84467
7.35727	0	-0.123058	-0.123058	-6.08823	18.0769	15.3938
9.98422	0	-0.110977	-0.110977	-9.98154	21.9775	11.4948
5.59636	0	-0.13048	-0.13048	-13.8797	25.8759	7.60115

