   1.73513847518318      -0.352459632857832      -2.955039669606397E-019
 -5.924148760590537E-019 -1.084202172485504E-018  8.097283668780648E-019
  6.256286170466104E-019  4.336808689942018E-019  2.354454567030758E-002
 -1.516510599573867E-019  7.095601054866084E-020  5.421010862427522E-020
  3.238274502021111E-019  7.328634238457971E-020 -2.710505431213761E-020
   6.42727527010839      -1.380861795885588E-014  3.333729748514239E-015
  -9.51221370674962       1.022004098197554E-014 -2.387317747099407E-015
   6.42727527010839      -6.463579671489583E-015  1.025786101346475E-014
  -9.51221370674962       4.787836793695988E-015   6.42727527010839     
 -2.361439474521375E-015  4.737356860975123E-015  -9.51221370674962     
   3.63333021906269      -7.793114592216491E-015  1.817923722195440E-015
   3.63333021906269      -3.701899897734506E-015   3.63333021906269     
   1.73513847518318      -0.352459632857832      -5.718561006084293E-019
  5.924158870081440E-019  1.084202172485504E-018 -1.785512421495817E-018
 -1.059310816027849E-018 -4.336808689942018E-019  2.354454567030758E-002
  1.516504528544264E-019 -7.095611768142008E-020 -1.626303258728257E-019
 -2.425117286787363E-019  3.513402928127976E-020  0.000000000000000E+000
   6.42727527010839      -1.382249577287093E-014  3.333729767934316E-015
  -9.51221370674962       1.021310211417027E-014 -2.387317774834492E-015
   6.42727527010839      -6.498274141009119E-015  1.025786102931337E-014
  -9.51221370674962       4.756611771128405E-015   6.42727527010839     
 -2.368378351610458E-015  4.765112450956540E-015  -9.51221370674962     
   3.63333021906269      -7.765359040616833E-015  1.824862633054968E-015
   3.63333021906269      -3.656797087359109E-015   3.63333021906269     
