   1.28104615472357      -0.560881623521075      -2.021485418403395E-023
  1.477565800501190E-024 -7.858215819253763E-024  2.745453572399214E-023
  1.938437120885811E-024  1.096014311632762E-023  6.139283007947565E-002
  5.462692134132443E-024 -1.007421047004751E-024  2.378144261089955E-024
 -5.298403743499054E-024  4.015536182647317E-025 -2.481541837659083E-024
   3.10840919943991      -6.686365714652233E-015  1.610479522040850E-015
  -2.26223897831225       2.433102617607160E-015 -5.860376553869799E-016
   3.10840919943992      -3.120304006082420E-015  2.433102618797628E-015
  -2.26223897831225       1.135447901954454E-015   3.10840919943992     
 -5.860376550842583E-016  1.135447896685725E-015  -2.26223897831225     
  0.411603240326131      -8.853820784546240E-016  2.132533376590924E-016
  0.411603240326131      -4.131783070521456E-016  0.411603240326131     
   1.28104615472357      -0.560881623521075      -1.898749988118756E-023
  2.013448255539372E-024 -7.444625512977249E-024  2.373238418689379E-023
 -2.581353133576034E-026  7.444625512977249E-024  6.139283007947566E-002
  4.904458254868439E-024 -1.307045801276455E-024  2.791734567366468E-024
 -4.256491244700277E-024  1.717800587675636E-024 -3.308722450212111E-024
   3.10840919943992      -6.686365723761427E-015  1.610479467066973E-015
  -2.26223897831225       2.433102622839733E-015 -5.860376049974927E-016
   3.10840919943992      -3.120304014509322E-015  2.433102627167678E-015
  -2.26223897831225       1.135447892441877E-015   3.10840919943992     
 -5.860376097144512E-016  1.135447907600030E-015  -2.26223897831225     
  0.411603240326131      -8.853820807253071E-016  2.132533135380250E-016
  0.411603240326131      -4.131783066385553E-016  0.411603240326131     
