0.00403821	-1.58202	-0.236648	1.34537	-0.002194	0.003064	0.001451
6.75248	-0.106834	-0.18998	-0.0831461	-3.89989	3.90388	-3.89186
6.74864	-0.107141	-0.188808	-0.0816675	-7.79512	7.79823	-7.79417
6.75248	-0.106833	-0.189996	-0.0831627	2.7489	5.51715	2.75692
9.5619	0.0598266	-0.0631814	-0.123008	-1.1525	9.42419	-1.13419
9.5468	0.0593332	-0.0461621	-0.105495	-19.3588	13.3118	9.27997
6.74871	-0.107135	-0.188857	-0.0817227	5.51032	11.0267	5.51127
9.54688	0.059336	-0.0460982	-0.105434	-12.7058	14.9261	15.933
9.54843	0.059387	-0.0299958	-0.0893829	-2.28494	18.8165	-2.28071
6.7522	-0.106855	-0.237674	-0.130819	-4.7748	0.00227	4.77425
9.55021	0.0594453	-0.156283	-0.215729	-0.406234	20.4344	9.14314
9.54799	0.0593726	-0.131178	-0.190551	-12.5657	7.79845	-3.01807
9.55018	0.0594447	-0.156306	-0.21575	-13.7097	17.2064	-4.16037
11.7435	0.128391	0.161286	0.0328948	-5.9744	9.4126	3.69052
11.7183	0.127912	0.48141	0.353497	-9.76694	13.3237	-0.248814
9.54804	0.0593748	-0.131178	-0.190553	0.734335	11.0256	10.2819
11.7184	0.127914	0.481537	0.353623	-3.17803	14.9225	6.3401
11.7011	0.127584	0.491583	0.363999	-7.06421	18.8156	2.49878
6.7499	-0.107039	-0.243059	-0.136019	-12.9716	28.2269	6.12259
9.54483	0.0592692	-0.2242	-0.28347	-5.18097	20.4279	13.9164
9.54737	0.0593525	-0.205769	-0.265122	-17.3389	7.79848	1.75269
9.54479	0.0592686	-0.224227	-0.283495	-18.4815	17.2007	0.615852
11.6713	0.127006	-0.198003	-0.32501	-10.6991	9.39618	8.41921
11.7184	0.127915	-0.0830898	-0.211005	-14.5581	13.3017	4.50749
9.54742	0.0593547	-0.205795	-0.265149	-4.0365	11.0262	15.0551
11.7184	0.127917	-0.0830776	-0.210994	-7.93014	14.9099	11.1354
11.6914	0.127396	-0.0594129	-0.186809	-11.8287	18.8205	7.26208
4.77779	-0.349421	-0.20592	0.143501	-1.01144	2.76154	3.76539
8.29117	0.00707788	-0.0833956	-0.0904735	-4.91613	6.67551	-0.11296
8.26851	0.00584928	-0.0596209	-0.0654702	-8.80339	10.5552	-4.02859
10.6729	0.0443978	-0.131252	-0.17565	1.7421	8.27234	6.52095
12.6396	0.116791	0.481354	0.364564	-2.18383	12.2063	2.62977
12.6241	0.11614	0.491436	0.375296	-6.0534	16.054	-1.27361
4.77254	-0.350386	-0.18882	0.161566	4.50154	13.7827	9.27607
8.26907	0.00583182	-0.0460681	-0.0518999	0.605475	17.6818	5.3774
8.27039	0.00593244	-0.0299548	-0.0358872	-3.29395	21.5731	1.48496
10.6711	0.0443331	-0.224249	-0.268582	-17.4726	14.4445	-3.14921
12.6105	0.115835	-0.198082	-0.313917	-9.68866	6.63556	4.64817
12.6412	0.116491	-0.0831812	-0.199672	-13.5539	10.5581	0.759647
14.3192	0.124914	-0.156233	-0.281147	-14.7178	19.9604	-0.39839
15.7806	0.162739	0.161464	-0.00127485	-6.95813	12.1002	7.36183
15.8043	0.1629	0.481631	0.318731	-10.7707	16.066	3.49723
10.6738	0.044385	-0.189846	-0.234231	-0.275781	13.7807	14.0451
12.6311	0.116297	-0.0629875	-0.179285	-4.17237	17.6746	10.136
12.6251	0.116004	-0.0459443	-0.161948	-8.0649	21.5791	6.25328
4.77263	-0.350369	-0.243095	0.107274	-22.2486	14.4495	1.62223
8.26424	0.00558528	-0.224285	-0.22987	-14.459	6.65321	9.41968
8.26977	0.00590909	-0.205802	-0.211711	-18.3474	10.5539	5.51667
10.6723	0.044321	-0.237685	-0.282006	-7.80074	8.26934	16.0673
12.6294	0.116092	-0.156253	-0.272344	-11.7002	12.1674	12.1701
12.6288	0.116116	-0.131159	-0.247275	-15.5908	16.0633	8.27192
4.773	-0.350301	-0.236617	0.113684	-5.04516	13.7807	18.8221
8.27217	0.00602782	-0.18986	-0.195887	-8.94062	17.6754	14.9204
8.26542	0.00567257	-0.18877	-0.194443	-12.8384	21.5768	11.0278
4.77779	-0.349421	-0.20589	0.143532	-4.33754	1.9545	0.439286
10.6728	0.0443958	-0.131232	-0.175628	-8.23448	5.85161	-3.45562
4.7725	-0.350394	-0.188819	0.161575	-12.1307	9.74703	-7.35618
8.29117	0.00707851	-0.0833912	-0.0904697	-1.60428	7.4791	3.19889
12.6395	0.11679	0.48126	0.36447	-5.49406	11.4031	-0.680471
8.269	0.00582872	-0.0461741	-0.0520028	-9.37396	15.2604	-4.60204
8.26859	0.00585352	-0.0595566	-0.0654101	1.17377	12.976	5.94857
12.6242	0.11614	0.49157	0.37543	-2.71986	16.8628	2.05993
8.27044	0.00593482	-0.0299947	-0.0359296	-6.62153	20.7657	-1.84261
10.6711	0.0443338	-0.224241	-0.268575	-0.845072	18.479	13.4784
14.3191	0.124913	-0.156227	-0.28114	-4.73858	22.3818	9.5808
10.6738	0.0443838	-0.189848	-0.234232	-16.8995	9.74709	-2.57862
12.6105	0.115835	-0.198095	-0.313931	-6.35632	7.44412	7.98051
15.7806	0.162739	0.161446	-0.00129213	-10.2023	11.3131	4.11762
12.631	0.116296	-0.0629921	-0.179289	-14.1314	15.2581	0.17697
12.6412	0.116493	-0.083175	-0.199668	-3.61408	12.9699	10.6994
15.8043	0.1629	0.481664	0.318764	-7.49201	16.8616	6.77589
12.6251	0.116005	-0.0459534	-0.161958	-11.3913	20.7719	2.92686
4.77267	-0.350362	-0.243085	0.107278	-5.61782	18.4848	18.2531
10.6722	0.044319	-0.237659	-0.281978	-17.78	5.84798	6.08802
4.77295	-0.35031	-0.236585	0.113725	-21.6763	9.74534	2.19097
8.26424	0.0055859	-0.224279	-0.229865	-11.132	7.46049	12.7467
12.6293	0.116091	-0.156259	-0.27235	-15.0245	11.3608	8.84578
8.2721	0.00602477	-0.189872	-0.195897	-18.9156	15.2551	4.94548
8.26984	0.00591334	-0.205832	-0.211746	-8.37116	12.9746	15.493
12.6288	0.116116	-0.131147	-0.247263	-12.2674	16.8697	11.5954
8.26547	0.00567493	-0.1888	-0.194475	-16.1652	20.7696	7.70094
4.78142	-0.348756	-0.212903	0.135853	-0.578105	4.71256	-0.565353
10.6692	0.0443396	-0.13951	-0.183849	-18.7901	8.60491	9.84876
4.77474	-0.349982	-0.198001	0.151981	-8.36582	12.5031	-8.3641
10.6693	0.0443418	-0.139487	-0.183828	-12.1326	10.2203	16.5062
14.3127	0.124913	0.0391906	-0.0857222	-1.71914	14.1208	-1.70714
10.6694	0.044139	-0.130139	-0.174278	-19.9298	18.0184	8.69623
4.77483	-0.349966	-0.197986	0.15198	4.93871	15.7313	4.94042
10.6694	0.0441387	-0.130075	-0.174214	-13.2644	19.6357	15.3616
4.77272	-0.350353	-0.187955	0.162398	-2.85547	23.5234	-2.85227
8.26607	0.00562216	-0.227403	-0.233025	-5.34809	4.69064	4.20995
12.6332	0.116223	-0.0978095	-0.214033	-9.23874	8.61074	0.313245
8.26481	0.00563821	-0.139438	-0.145076	-13.1393	12.5016	-3.59541
12.6332	0.116224	-0.0978021	-0.214026	-2.59805	10.222	6.95394
12.6252	0.116099	0.0392774	-0.076822	-10.3758	18.0119	-0.83263
8.26486	0.00564103	-0.139405	-0.145046	0.170201	15.7311	9.71412
12.6251	0.116099	0.039331	-0.0767681	-3.73333	19.6236	5.80986
8.25956	0.0052942	-0.130024	-0.135319	-7.63102	23.5402	1.91922
8.25997	0.00539354	-0.242379	-0.247772	-10.1211	4.69984	8.98072
12.6153	0.11584	-0.227262	-0.343102	-14.0246	8.5907	5.08646
8.27513	0.0061898	-0.212748	-0.218938	-17.904	12.5004	1.18492
12.6153	0.115841	-0.227289	-0.34313	-7.3669	10.2061	11.7442
15.8337	0.162791	-0.0975878	-0.260379	-11.2524	14.1121	7.82819
12.6233	0.116022	-0.1393	-0.255321	-15.158	18.0168	3.93846
8.27517	0.00619257	-0.212746	-0.218939	-4.60938	15.7262	14.4795
12.6232	0.116021	-0.139311	-0.255333	-8.50589	19.6309	10.5906
8.26715	0.00574857	-0.197905	-0.203654	-12.4001	23.5249	6.692
2.9304	-0.824477	-0.232657	0.59182	-1.48242	2.35822	0.910218
8.77773	0.00680059	-0.133286	-0.140086	-5.38134	6.26145	-2.9806
5.59664	-0.222637	-0.172091	0.0505459	-9.27408	10.1503	-6.88616
8.77773	0.00680201	-0.133276	-0.140078	1.26565	7.87428	3.66639
12.0719	0.115056	0.227469	0.112413	-2.63437	11.7788	-0.223638
9.9789	0.0640658	0.0317949	-0.0322708	-6.51241	15.6799	-4.15249
5.59671	-0.222626	-0.172093	0.0505331	4.03161	13.3788	6.41953
9.97898	0.0640674	0.031915	-0.0321523	0.15174	17.2969	2.51167
7.35612	-0.0469675	-0.0758857	-0.0289182	-3.76343	21.1711	-1.37354
8.77006	0.00639985	-0.239276	-0.245676	-6.25331	2.34484	5.68435
12.0539	0.114789	-0.150263	-0.265051	-10.1515	6.24886	1.78715
9.98795	0.0646379	-0.133193	-0.197831	-14.0366	10.1519	-2.10622
12.0539	0.11479	-0.150276	-0.265066	-3.4992	7.86298	8.43948
12.9702	0.140334	0.227702	0.0873679	-11.2706	15.6607	0.648809
9.98799	0.0646399	-0.133183	-0.197823	-0.748225	13.3762	11.1822
12.9703	0.140335	0.227764	0.0874288	-4.6438	17.2686	7.27559
11.0408	0.103385	0.0319941	-0.0713905	-8.53315	21.2006	3.38902
5.59353	-0.223053	-0.264548	-0.0414942	-11.0277	2.35108	10.4572
9.97882	0.0642479	-0.239264	-0.303512	-14.9303	6.24509	6.56091
7.35933	-0.0467398	-0.2326	-0.18586	-18.8164	10.1497	2.66131
9.97882	0.064249	-0.239284	-0.303533	-8.27222	7.86062	13.219
12.9603	0.140151	-0.150167	-0.290318	-12.1687	11.7598	9.31527
11.0773	0.104317	-0.133099	-0.237416	-16.0521	15.6585	5.41584
7.35938	-0.0467353	-0.232629	-0.185894	-5.51557	13.377	15.9621
11.0774	0.104318	-0.133097	-0.237415	-9.41072	17.2699	12.0573
8.76707	0.0377425	-0.172006	-0.209749	-13.3087	21.1731	8.17126
7.36366	-0.0464344	-0.175888	-0.129454	-2.49368	5.11294	4.67578
11.1118	0.10518	0.136042	0.0308621	-6.40484	9.04452	0.804098
8.76352	0.037579	0.0400417	0.00246263	-10.2931	12.9044	-3.12641
9.98628	0.0645418	-0.104199	-0.168741	0.262971	10.624	7.42634
12.7863	0.137808	2.37632	2.23851	-3.44907	14.5772	3.53766
11.067	0.104092	0.273992	0.1699	-7.52379	18.4141	-0.362897
5.59822	-0.22244	-0.198435	0.0240053	3.02407	16.1358	10.1874
9.98774	0.064528	-0.0822252	-0.146753	-0.875716	20.0321	6.28636
7.35363	-0.0471526	-0.11759	-0.0704375	-4.77065	23.9322	2.39055
9.97446	0.0641798	-0.242147	-0.306327	-7.26186	5.09908	9.4546
12.9278	0.139717	-0.20959	-0.349307	-11.1841	8.97875	5.56349
11.0818	0.104415	-0.142981	-0.247395	-15.0399	12.9055	1.65575
12.0556	0.114824	-0.175815	-0.290639	-4.50913	10.6192	12.1975
14.6629	0.164899	0.136405	-0.0284937	-8.4021	14.5011	8.25794
12.9556	0.140072	0.0403133	-0.0997584	-12.3114	18.4185	4.40596
8.7706	0.0065169	-0.237825	-0.244342	-1.75273	16.1297	14.954
12.055	0.114813	-0.149299	-0.264112	-5.64864	20.0278	11.0568
9.98341	0.0644128	-0.179762	-0.244175	-9.54192	23.9304	7.16433
5.59828	-0.222433	-0.237876	-0.0154433	-12.0399	5.11203	14.2236
9.98707	0.0645141	-0.149414	-0.213928	-15.9357	9.00991	10.326
7.35841	-0.0468072	-0.179843	-0.133035	-19.8265	12.9055	6.42408
8.76939	0.00645252	-0.198444	-0.204896	-9.27717	10.6206	16.9734
12.0536	0.114781	-0.0822444	-0.197025	-13.1782	14.5203	13.0771
9.98154	0.0643813	-0.117611	-0.181992	-17.0722	18.4178	9.17771
2.92281	-0.826988	-0.246874	0.580114	-6.52456	16.1335	19.7314
8.77214	0.00650432	-0.196102	-0.202606	-10.4162	20.0366	15.8314
5.59574	-0.222765	-0.2114	0.0113648	-14.318	23.9279	11.9373
7.36366	-0.0464347	-0.175866	-0.129431	-5.81851	4.3062	1.35094
9.98622	0.0645394	-0.104218	-0.168757	-9.71056	8.20402	-2.54719
5.59818	-0.222445	-0.198458	0.0239873	-13.6128	12.099	-6.44954
11.1118	0.10518	0.136076	0.0308961	-3.09607	9.84736	4.11287
12.7862	0.137808	2.37605	2.23825	-6.97101	13.7226	0.015722
9.98768	0.0645276	-0.0822831	-0.146811	-10.8532	17.6111	-3.69117
8.76359	0.0375822	0.0401344	0.00255223	-0.298934	15.3294	6.86776
11.067	0.104092	0.274069	0.169977	-4.20288	19.2199	2.95801
7.35369	-0.0471485	-0.117604	-0.0704557	-8.09948	23.1245	-0.938282
9.97446	0.0641795	-0.242127	-0.306307	-10.5938	4.29063	6.12269
12.0555	0.114823	-0.175798	-0.290621	-14.4806	8.19975	2.226
8.77058	0.00651556	-0.237837	-0.244352	-18.3783	12.0956	-1.67157
12.9278	0.139717	-0.209607	-0.349324	-7.84053	9.79004	8.90706
14.6628	0.164899	0.136396	-0.0285027	-11.68	13.7058	4.98003
12.0549	0.114813	-0.149306	-0.264119	-15.6227	17.6077	1.08268
11.0819	0.104416	-0.142967	-0.247383	-5.08034	15.3221	11.6153
12.9556	0.140071	0.0403099	-0.0997615	-8.97329	19.2284	7.74403
9.98345	0.0644145	-0.179767	-0.244182	-12.8728	23.1222	3.83349
5.59828	-0.222434	-0.23787	-0.0154367	-15.3661	4.30497	10.8975
8.76931	0.0064488	-0.198412	-0.204861	-19.2566	8.19919	6.99395
2.92274	-0.827011	-0.246865	0.580145	-23.1564	12.098	3.0995
9.98707	0.064515	-0.149398	-0.213913	-12.61	9.81687	13.6517
12.0535	0.11478	-0.0822793	-0.197059	-16.5025	13.7137	9.75286
8.77207	0.00650325	-0.196128	-0.202631	-20.3992	17.6143	5.84835
7.35849	-0.0468014	-0.17984	-0.133038	-9.84919	15.3264	16.4014
9.9815	0.0643807	-0.117579	-0.181959	-13.7446	19.2252	12.5053
5.59581	-0.222755	-0.211446	0.0113093	-17.6452	23.1206	8.61002
7.37341	-0.0457409	-0.143148	-0.0974071	-2.06032	7.07132	0.344531
9.98218	0.0643352	0.0399833	-0.0243519	-5.94281	10.949	-3.56589
5.5992	-0.222309	-0.179908	0.0424008	-9.84738	14.8567	-7.45736
9.98226	0.0643378	0.0400605	-0.0242773	0.713275	12.564	3.0902
12.0501	0.114763	0.273952	0.159189	-3.19591	16.4688	-0.800097
8.76642	0.00632021	-0.117644	-0.123964	-7.09046	20.3678	-4.704
5.59927	-0.222301	-0.179862	0.0424388	3.46077	18.0858	5.85079
8.76633	0.00631671	-0.117594	-0.123911	-0.434006	21.9829	1.95246
2.92269	-0.827029	-0.211448	0.615581	-4.33415	25.877	-1.94465
11.0514	0.103464	-0.20972	-0.313184	-6.82666	7.02008	5.1233
12.988	0.140611	0.136164	-0.00444736	-10.6767	10.9647	1.23567
9.98652	0.0645428	-0.149356	-0.213898	-14.6143	14.8526	-2.68087
12.9881	0.140612	0.136199	-0.00441364	-4.09006	12.5629	7.82236
14.5154	0.163762	2.37649	2.21273	-8.0389	16.6403	4.00129
12.0504	0.114745	-0.0821862	-0.196931	-11.8613	20.365	0.070761
9.98656	0.0645441	-0.149344	-0.213888	-1.31448	18.0797	10.6189
12.0504	0.114744	-0.0821773	-0.196921	-5.208	21.9794	6.72401
8.76569	0.00625373	-0.196061	-0.202315	-9.10633	25.8845	2.82569
8.75712	0.0372841	-0.242134	-0.279418	-11.6041	7.05088	9.89325
11.0717	0.104158	-0.175762	-0.27992	-15.4887	10.9541	5.98855
7.35931	-0.0467402	-0.23785	-0.191109	-19.3869	14.8511	2.09248
11.0717	0.10416	-0.175778	-0.279938	-8.84212	12.5669	12.6352
12.9641	0.140223	-0.104044	-0.244267	-12.7348	16.4664	8.73937
9.98214	0.0643739	-0.198399	-0.262773	-16.6389	20.3663	4.84376
7.35936	-0.0467368	-0.237829	-0.191092	-6.08745	18.0781	15.3919
9.98206	0.0643717	-0.198376	-0.262747	-9.98143	21.9817	11.5012
5.59626	-0.222695	-0.246855	-0.0241608	-13.8797	25.8763	7.60104

