   1.73623641801584      -0.352001026743649       8.286956918562310E-019
  2.793276528484635E-019 -6.505213034913027E-019  5.607745465711699E-019
  1.880676344302970E-019  4.336808689942018E-019  2.354923752942049E-002
 -4.404193296365443E-020  1.765832467817041E-020  1.355252715606881E-019
  9.765042187183417E-020 -1.993491308008570E-019  1.084202172485504E-019
   6.42418230126123      -1.379460011841278E-014  3.271486724445552E-015
  -9.50773670366093       1.021288418602664E-014 -2.359806693254042E-015
   6.42418230126123      -6.456640777585676E-015  1.022330627067108E-014
  -9.50773670366093       4.794775687599895E-015   6.42418230126123     
 -2.370752228967176E-015  4.768154160002123E-015  -9.50773670366093     
   3.63123055296488      -7.772243041771216E-015  1.804219647708878E-015
   3.63123055296488      -3.674144322118877E-015   3.63123055296488     
   1.73623641801584      -0.352001026743649       1.448128857929885E-018
  1.021714697333271E-018  1.301042606982605E-018 -5.607744053008691E-019
 -1.880672707167746E-019  4.336808689942018E-019  2.354923752942048E-002
 -6.437859334960766E-020 -1.765837745557566E-020 -2.710505431213761E-020
 -4.344013533357356E-020  3.671882825783901E-020  0.000000000000000E+000
   6.42418230126123      -1.378766121653307E-014  3.271486727846258E-015
  -9.50773670366093       1.019900639002712E-014 -2.359806696786202E-015
   6.42418230126123      -6.456640777585676E-015  1.020248959097774E-014
  -9.50773670366094       4.801714581503802E-015   6.42418230126123     
 -2.384630016429032E-015  4.778562492545847E-015  -9.50773670366093     
   3.63123055296488      -7.772243033493748E-015  1.804219649915179E-015
   3.63123055296488      -3.660266534311063E-015   3.63123055296488     
