tasks
   1
  10

scale
  1.0
  
avec
   0.000000000       3.379539863       3.379539863    
   3.379539863       0.000000000       3.379539863    
   3.379539863       3.379539863       0.000000000   
   
sppath
  '/home/joseph/elk-11.2.3/species/'   
  
atoms
  1
  'C.in'
  2
   0.37500000    0.37500000    0.37500000   0.0  0.0  0.0
  -0.37500000   -0.37500000   -0.37500000   0.0  0.0  0.0
  
xctype
  20
  
rgkmax
  8.0
  
gmaxvr
  16.0
  
lmaxapw
  10

ngridk
  12  12  12

lmaxdos
  3

wplot
  1000  200  3
  -0.734987  0.734987
