   1.60406210150286       7.880880110829358E-003 -2.634528149066542E-018
 -1.169257688725401E-018 -2.602085213965211E-018  3.086077827140091E-019
  1.110895640071766E-018 -8.673617379884035E-019  2.786162768700874E-002
 -7.002131995738874E-019  8.524350269244935E-020 -5.421010862427522E-019
  1.205769313181775E-018  3.344042100574752E-019  5.421010862427522E-019
   19.1224457371446      -4.113821658986509E-014  9.865847093149071E-015
  -38.3395114873958       4.116905516361812E-014 -9.845475524823014E-015
   19.1224457371446      -1.924502224248670E-014  4.117889583668982E-014
  -38.3395114873958       1.930053339371796E-014   19.1224457371446     
 -9.844090619685144E-015  1.930770432674571E-014  -38.3395114873958     
   19.2471062995043      -4.134001412287103E-014  9.871110688536982E-015
   19.2471062995043      -1.936645288580507E-014   19.2471062995043     
   1.60406210150286       7.880880110829356E-003  2.200847817325085E-018
  3.018959868759044E-019  8.673617379884035E-019 -1.826491511170483E-018
 -1.110895755027647E-018  8.673617379884035E-019  2.786162768700874E-002
  1.242313885802272E-018 -8.524343014025190E-020  1.409462824231156E-018
  9.527361677235333E-020  1.400319189782391E-018  1.192622389734055E-018
   19.1224457371446      -4.113127769074259E-014  9.865847090561553E-015
  -38.3395114873958       4.116905515612944E-014 -9.845475523023632E-015
   19.1224457371446      -1.924849168943865E-014  4.118583472956550E-014
  -38.3395114873958       1.931441118152577E-014   19.1224457371446     
 -9.857968411887673E-015  1.930770431904252E-014  -38.3395114873958     
   19.2471062995043      -4.134001411315532E-014  9.871110682325941E-015
   19.2471062995043      -1.936992233275703E-014   19.2471062995043     
