    18
     1    0.000000    0.000000   -0.621422       0.037037
     2   -0.310711    0.310711   -0.310711       0.037037
     3   -0.621422    0.621422    0.000000       0.037037
     4    0.310711   -0.310711   -0.310711       0.037037
     5    0.000000    0.000000    0.000000       0.037037
     6   -0.310711    0.310711    0.310711       0.037037
     7    0.621422   -0.621422    0.000000       0.037037
     8    0.310711   -0.310711    0.310711       0.037037
     9    0.000000    0.000000    0.621422       0.037037
    10    0.310711    0.310711   -0.932133       0.074074
    11    0.000000    0.621422   -0.621422       0.074074
    12   -0.310711    0.932133   -0.310711       0.074074
    13    0.621422    0.000000   -0.621422       0.074074
    14    0.310711    0.310711   -0.310711       0.074074
    15    0.000000    0.621422    0.000000       0.074074
    16    0.932133   -0.310711   -0.310711       0.074074
    17    0.621422    0.000000    0.000000       0.074074
    18    0.310711    0.310711    0.310711       0.074074
