   1.70489498317149      -0.281904282738794      -2.492119033172286E-019
  6.813868231508526E-019 -2.168404344971009E-019  2.623616954490427E-019
  4.140600995272323E-020  0.000000000000000E+000  2.062653789389698E-002
 -1.800594115634673E-019  2.710983537463638E-019  4.065758146820642E-019
  5.067036864609896E-019 -6.336722637440739E-019 -2.168404344971009E-019
   5.68692781045002      -1.218392461079380E-014  2.900804638430950E-015
  -8.10486189487437       8.672848875071327E-015 -2.037698255275695E-015
   5.68692781045002      -5.738465258531278E-015  8.695081429869427E-015
  -8.10486189487437       4.080069615497450E-015   5.68692781045002     
 -2.018790437042826E-015  4.046861856980801E-015  -8.10486189487437     
   3.04678036881148      -6.513103429417480E-015  1.483065225859872E-015
   3.04678036881148      -3.035766082959412E-015   3.04678036881148     
   1.70489498317149      -0.281904282738794       6.828915133989072E-019
 -2.477059226687684E-019  2.168404344971009E-019 -4.792008395083757E-019
 -9.087679237712769E-019  0.000000000000000E+000  2.062653789389698E-002
  3.968999484224252E-019 -2.710982992992462E-019 -6.234162491791650E-019
 -3.440735775078472E-019  3.084115219040354E-019  4.878909776184770E-019
   5.68692781045002      -1.217698570987485E-014  2.907743535072962E-015
  -8.10486189487437       8.672848868051445E-015 -2.023820471140403E-015
   5.68692781045002      -5.721118023771510E-015  8.667325856352384E-015
  -8.10486189487437       4.093947403305265E-015   5.68692781045002     
 -2.032668198817458E-015  4.036453514983021E-015  -8.10486189487437     
   3.04678036881148      -6.513103423401302E-015  1.483065230106835E-015
   3.04678036881148      -3.063521658575041E-015   3.04678036881148     
