54   
2    

1    
 -0.0141421356237310   0.0000000000000000   0.0141421356237310
   0.0108967402    0.0018184604   -0.0108967402
  -0.0027714498    0.0020347404    0.0027714498
  -0.0030699598    0.0012738804    0.0030699598
  -0.0013971298    0.0021152504    0.0020846598
  -0.0020688498    0.0020369904    0.0019497098
  -0.0023997498    0.0015197104    0.0020428098
  -0.0010175698    0.0028123304    0.0027811098
  -0.0024629298    0.0014554704    0.0016601198
  -0.0016246598    0.0015925304    0.0023976198
  -0.0020846598    0.0021152504    0.0013971298
  -0.0019497098    0.0020369904    0.0020688498
  -0.0020428098    0.0015197104    0.0023997498
  -0.0020424698    0.0019432204    0.0020424698
  -0.0019201598    0.0018865104    0.0019201598
  -0.0020002298    0.0013611304    0.0020002298
  -0.0017827698    0.0022985104    0.0021049998
  -0.0013962898    0.0019789504    0.0020006498
  -0.0019982698    0.0019767304    0.0026284598
  -0.0027811098    0.0028123304    0.0010175698
  -0.0016601198    0.0014554704    0.0024629298
  -0.0023976198    0.0015925304    0.0016246598
  -0.0021049998    0.0022985104    0.0017827698
  -0.0020006498    0.0019789504    0.0013962898
  -0.0026284598    0.0019767304    0.0019982698
  -0.0015978098    0.0023912804    0.0015978098
  -0.0019984698    0.0025920804    0.0019984698
  -0.0023667998    0.0023338704    0.0023667998
  -0.0009254898   -0.0011189096    0.0009254898
   0.0018409302   -0.0025831896   -0.0018409302
  -0.0015939198   -0.0035149996    0.0015939198
   0.0023901202   -0.0018831196   -0.0018892802
   0.0019274502   -0.0020175296   -0.0011619302
   0.0022338002   -0.0022929196   -0.0018944302
   0.0003156902   -0.0016021696    0.0004433398
   0.0023311702   -0.0021587296   -0.0019127602
   0.0021933002   -0.0021381096   -0.0016696102
   0.0018892802   -0.0018831196   -0.0023901202
   0.0011619302   -0.0020175296   -0.0019274502
   0.0018944302   -0.0022929196   -0.0022338002
   0.0019752202   -0.0013536496   -0.0019752202
   0.0019497702   -0.0019439196   -0.0019497702
   0.0020389602   -0.0018607696   -0.0020389602
   0.0022797702   -0.0018719696   -0.0022003802
   0.0018762902   -0.0020223896   -0.0020295102
   0.0018398602   -0.0017836696   -0.0016571802
  -0.0004433398   -0.0016021696   -0.0003156902
   0.0019127602   -0.0021587296   -0.0023311702
   0.0016696102   -0.0021381096   -0.0021933002
   0.0022003802   -0.0018719696   -0.0022797702
   0.0020295102   -0.0020223896   -0.0018762902
   0.0016571802   -0.0017836696   -0.0018398602
   0.0021595002   -0.0016826396   -0.0021595002
   0.0018592002   -0.0016194296   -0.0018592002
   0.0020056002   -0.0019893996   -0.0020056002

1    
  0.0141421356237310   0.0000000000000000  -0.0141421356237310
  -0.0148493204    0.0016552100    0.0148493204
  -0.0008823204    0.0012750200    0.0008823204
  -0.0011798904    0.0020297200    0.0011798904
  -0.0019099204    0.0015179600    0.0015471504
  -0.0020037504    0.0020367700    0.0018843804
  -0.0018651704    0.0021101700    0.0025569304
  -0.0022884804    0.0014586200    0.0014868504
  -0.0011682004    0.0028072200    0.0029372504
  -0.0015559904    0.0015924600    0.0023296904
  -0.0015471504    0.0015179600    0.0019099204
  -0.0018843804    0.0020367700    0.0020037504
  -0.0025569304    0.0021101700    0.0018651704
  -0.0020281904    0.0018910900    0.0020281904
  -0.0019070504    0.0019379400    0.0019070504
  -0.0019567504    0.0013609700    0.0019567504
  -0.0018409504    0.0022969900    0.0021644004
  -0.0013241404    0.0019779200    0.0019577804
  -0.0019555204    0.0019776800    0.0025565904
  -0.0014868504    0.0014586200    0.0022884804
  -0.0029372504    0.0028072200    0.0011682004
  -0.0023296904    0.0015924600    0.0015559904
  -0.0021644004    0.0022969900    0.0018409504
  -0.0019577804    0.0019779200    0.0013241404
  -0.0025565904    0.0019776800    0.0019555204
  -0.0015829904    0.0023370700    0.0015829904
  -0.0019574504    0.0025920600    0.0019574504
  -0.0023523004    0.0023876400    0.0023523004
   0.0055265696   -0.0034609700   -0.0055265696
   0.0020213696   -0.0025813100   -0.0020213696
   0.0049870296   -0.0010182300   -0.0049870296
   0.0027718096   -0.0019751400   -0.0019768996
   0.0020132396   -0.0019245700   -0.0015445896
   0.0021231496   -0.0022935200   -0.0017840296
   0.0044193796   -0.0015858600   -0.0036591196
   0.0022534796   -0.0021989700   -0.0017626296
   0.0020431896   -0.0020986400   -0.0015937196
   0.0019768996   -0.0019751400   -0.0027718096
   0.0015445896   -0.0019245700   -0.0020132396
   0.0017840296   -0.0022935200   -0.0021231496
   0.0019697396   -0.0013525200   -0.0019697396
   0.0019158896   -0.0019239200   -0.0019158896
   0.0020051196   -0.0018820000   -0.0020051196
   0.0023096096   -0.0018041300   -0.0021569196
   0.0018630196   -0.0020229400   -0.0020159296
   0.0017963796   -0.0018504100   -0.0016857396
   0.0036591196   -0.0015858600   -0.0044193796
   0.0017626296   -0.0021989700   -0.0022534796
   0.0015937196   -0.0020986400   -0.0020431896
   0.0021569196   -0.0018041300   -0.0023096096
   0.0020159296   -0.0020229400   -0.0018630196
   0.0016857396   -0.0018504100   -0.0017963796
   0.0020763796   -0.0015760500   -0.0020763796
   0.0017757796   -0.0017251100   -0.0017757796
   0.0019786996   -0.0019898300   -0.0019786996
