# Tetrahedron method
       -0.3843830607        0.0000000000        0.0000000000
       -0.1680177902        0.0000000000        0.0000000000
        0.0483474804        0.0000000000        0.0000000000
        0.2647127510        0.0000000000        0.0000000000
        0.4810780215        0.0000000000        0.0000000000
        0.6974432921        0.0000000000        0.0000000000
        0.9138085627        0.0000000000        0.0000000000
        1.1301738332        0.0000000000        0.0000000000
        1.3465391038        0.0000000000        0.0000000000
        1.5629043744        0.0000000000        0.0000000000
        1.7792696449        0.0000000000        0.0000000000
        1.9956349155        0.0000000000        0.0000000000
        2.2120001861        0.0000000000        0.0000000000
        2.4283654566        0.0000000000        0.0000000000
        2.6447307272        0.0000000000        0.0000000000
        2.8610959978        0.0000000000        0.0000000000
        3.0774612683        0.0000000000        0.0000000000
        3.2938265389        0.0000638828        0.0000638828
        3.5101918094        0.0002596852        0.0002596852
        3.7265570800        0.0004617185        0.0004617185
        3.9429223506        0.0006699826        0.0006699826
        4.1592876211        0.0008844776        0.0008844776
        4.3756528917        0.0011052036        0.0011052036
        4.5920181623        0.0013321604        0.0013321604
        4.8083834328        0.0015653481        0.0015653481
        5.0247487034        0.0018047667        0.0018047667
        5.2411139740        0.0020504162        0.0020504162
        5.4574792445        0.0023022965        0.0023022965
        5.6738445151        0.0025727969        0.0025727969
        5.8902097857        0.0028898172        0.0028898172
        6.1065750562        0.0032133974        0.0032133974
        6.3229403268        0.0035435376        0.0035435376
        6.5393055974        0.0038802378        0.0038802378
        6.7556708679        0.0042234979        0.0042234979
        6.9720361385        0.0046168124        0.0046168124
        7.1884014091        0.0050578654        0.0050578654
        7.4047666796        0.0054968135        0.0054968135
        7.6211319502        0.0059336568        0.0059336568
        7.8374972207        0.0063683952        0.0063683952
        8.0538624913        0.0068097001        0.0068097001
        8.2702277619        0.0072747096        0.0072747096
        8.4865930324        0.0077638855        0.0077638855
        8.7029583030        0.0082772279        0.0082772279
        8.9193235736        0.0088147368        0.0088147368
        9.1356888441        0.0093824358        0.0093824358
        9.3520541147        0.0100024499        0.0100024499
        9.5684193853        0.0106386918        0.0106386918
        9.7847846558        0.0112808547        0.0112808547
       10.0011499264        0.0119289385        0.0119289385
       10.2175151970        0.0125829433        0.0125829433
       10.4338804675        0.0132428690        0.0132428690
       10.6502457381        0.0139227271        0.0139227271
       10.8666110087        0.0146255483        0.0146255483
       11.0829762792        0.0153405470        0.0153405470
       11.2993415498        0.0161498553        0.0161498553
       11.5157068203        0.0170662490        0.0170662490
       11.7320720909        0.0179968491        0.0179968491
       11.9484373615        0.0189416554        0.0189416554
       12.1648026320        0.0199007240        0.0199007240
       12.3811679026        0.0209609966        0.0209609966
       12.5975331732        0.0220626054        0.0220626054
       12.8138984437        0.0232225325        0.0232225325
       13.0302637143        0.0244407550        0.0244407550
       13.2466289849        0.0257088172        0.0257088172
       13.4629942554        0.0270198711        0.0270198711
       13.6793595260        0.0283749811        0.0283749811
       13.8957247966        0.0297833650        0.0297833650
       14.1120900671        0.0312549092        0.0312549092
       14.3284553377        0.0328413276        0.0328413276
       14.5448206083        0.0345749205        0.0345749205
       14.7611858788        0.0363525767        0.0363525767
       14.9775511494        0.0381581600        0.0381581600
       15.1939164199        0.0399952920        0.0399952920
       15.4102816905        0.0424757787        0.0424757787
       15.6266469611        0.0452008839        0.0452008839
       15.8430122316        0.0481764494        0.0481764494
       16.0593775022        0.0512567306        0.0512567306
       16.2757427728        0.0546563680        0.0546563680
       16.4921080433        0.0589287672        0.0589287672
       16.7084733139        0.0638153297        0.0638153297
       16.9248385845        0.0694907730        0.0694907730
       17.1412038550        0.0764738793        0.0764738793
       17.3575691256        0.0799157576        0.0799157576
       17.5739343962        0.0826083399        0.0826083399
       17.7902996667        0.0850126120        0.0850126120
       18.0066649373        0.0869867267        0.0869867267
       18.2230302079        0.0881662507        0.0881662507
       18.4393954784        0.0885953736        0.0885953736
       18.6557607490        0.0897661182        0.0897661182
       18.8721260195        0.0904473116        0.0904473116
       19.0884912901        0.0906589282        0.0906589282
       19.3048565607        0.0916698965        0.0916698965
       19.5212218312        0.0925007516        0.0925007516
       19.7375871018        0.0931244544        0.0931244544
       19.9539523724        0.0935460192        0.0935460192
       20.1703176429        0.0940650894        0.0940650894
       20.3866829135        0.0947363254        0.0947363254
       20.6030481841        0.0954180446        0.0954180446
       20.8194134546        0.0961247074        0.0961247074
       21.0357787252        0.0968487948        0.0968487948
       21.2521439958        0.0976269189        0.0976269189
       21.4685092663        0.0983800384        0.0983800384
       21.6848745369        0.0990486645        0.0990486645
       21.9012398075        0.0994945048        0.0994945048
       22.1176050780        0.0996673289        0.0996673289
       22.3339703486        0.0994476443        0.0994476443
       22.5503356192        0.0996727783        0.0996727783
       22.7667008897        0.1015957225        0.1015957225
       22.9830661603        0.1044672320        0.1044672320
       23.1994314308        0.1074866534        0.1074866534
       23.4157967014        0.1062243913        0.1062243913
       23.6321619720        0.1035669053        0.1035669053
       23.8485272425        0.0935821301        0.0935821301
       24.0648925131        0.0824470608        0.0824470608
       24.2812577837        0.0768679137        0.0768679137
       24.4976230542        0.0730703515        0.0730703515
       24.7139883248        0.0684403140        0.0684403140
       24.9303535954        0.0644390007        0.0644390007
       25.1467188659        0.0650798457        0.0650798457
       25.3630841365        0.0663637323        0.0663637323
       25.5794494071        0.0686434101        0.0686434101
       25.7958146776        0.0707695527        0.0707695527
       26.0121799482        0.0723423037        0.0723423037
       26.2285452188        0.0732290951        0.0732290951
       26.4449104893        0.0734451257        0.0734451257
       26.6612757599        0.0745471593        0.0745471593
       26.8776410304        0.0763918105        0.0763918105
       27.0940063010        0.0779852923        0.0779852923
       27.3103715716        0.0768814423        0.0768814423
       27.5267368421        0.0726312469        0.0726312469
       27.7431021127        0.0652347835        0.0652347835
       27.9594673833        0.0601767004        0.0601767004
       28.1758326538        0.0531732008        0.0531732008
       28.3921979244        0.0585850055        0.0585850055
       28.6085631950        0.0660705939        0.0660705939
       28.8249284655        0.0751076425        0.0751076425
       29.0412937361        0.0868995193        0.0868995193
       29.2576590067        0.1048585968        0.1048585968
       29.4740242772        0.1401614426        0.1401614426
       29.6903895478        0.2163475041        0.2163475041
       29.9067548184        0.2337467314        0.2337467314
       30.1231200889        0.1635371248        0.1635371248
       30.3394853595        0.0774831609        0.0774831609
       30.5558506300        0.0686380998        0.0686380998
       30.7722159006        0.0571748425        0.0571748425
       30.9885811712        0.0566200380        0.0566200380
       31.2049464417        0.0665112112        0.0665112112
       31.4213117123        0.0977962852        0.0977962852
       31.6376769829        0.0893539469        0.0893539469
       31.8540422534        0.0802552516        0.0802552516
       32.0704075240        0.0742238709        0.0742238709
       32.2867727946        0.0714095839        0.0714095839
       32.5031380651        0.0702629098        0.0702629098
       32.7195033357        0.0699650313        0.0699650313
       32.9358686063        0.0719610178        0.0719610178
       33.1522338768        0.0853016496        0.0853016496
       33.3685991474        0.1090139523        0.1090139523
       33.5849644180        0.1383206219        0.1383206219
       33.8013296885        0.1768672956        0.1768672956
       34.0176949591        0.2146346757        0.2146346757
       34.2340602296        0.2568576909        0.2568576909
       34.4504255002        0.2274250958        0.2274250958
       34.6667907708        0.2073327088        0.2073327088
       34.8831560413        0.2048856766        0.2048856766
       35.0995213119        0.2056594154        0.2056594154
       35.3158865825        0.2276811010        0.2276811010
       35.5322518530        0.2543203568        0.2543203568
       35.7486171236        0.3228413104        0.3228413104
       35.9649823942        0.3292617447        0.3292617447
       36.1813476647        0.3291991610        0.3291991610
       36.3977129353        0.3700252768        0.3700252768
       36.6140782059        0.4228884425        0.4228884425
       36.8304434764        0.3134371141        0.3134371141
       37.0468087470        0.2519983612        0.2519983612
       37.2631740176        0.2179093033        0.2179093033
       37.4795392881        0.1950538128        0.1950538128
       37.6959045587        0.1797167850        0.1797167850
       37.9122698293        0.1643801056        0.1643801056
       38.1286350998        0.1478879249        0.1478879249
       38.3450003704        0.1323493281        0.1323493281
       38.5613656409        0.1284990154        0.1284990154
       38.7777309115        0.1349375127        0.1349375127
       38.9940961821        0.1652587754        0.1652587754
       39.2104614526        0.0314775727        0.0314775727
       39.4268267232        0.0000000000        0.0000000000
       39.6431919938        0.0000000000        0.0000000000
       39.8595572643        0.0000000000        0.0000000000
       40.0759225349        0.0000000000        0.0000000000
       40.2922878055        0.0000000000        0.0000000000
       40.5086530760        0.0000000000        0.0000000000
       40.7250183466        0.0000000000        0.0000000000
       40.9413836172        0.0000000000        0.0000000000
       41.1577488877        0.0000000000        0.0000000000
       41.3741141583        0.0000000000        0.0000000000
       41.5904794289        0.0000000000        0.0000000000
       41.8068446994        0.0000000000        0.0000000000
       42.0232099700        0.0000000000        0.0000000000
       42.2395752405        0.0000000000        0.0000000000
       42.4559405111        0.0000000000        0.0000000000
       42.6723057817        0.0000000000        0.0000000000
       42.8886710522        0.0000000000        0.0000000000
