   1.73074803096709      -0.345847302921708      -8.016819514163551E-019
 -1.521626007372751E-019 -1.301042606982605E-018  4.539388962607397E-019
  1.855045793910103E-019  0.000000000000000E+000  2.297296315832017E-002
 -2.798642810537087E-020  1.656394747427466E-020  1.355252715606881E-019
 -1.978247324866274E-020  1.887429829629166E-020  2.710505431213761E-020
   6.28729950177749      -1.351823415553602E-014  3.251103859265636E-015
  -9.22863331062020       9.894653610669102E-015 -2.360315473728178E-015
   6.28729950177749      -6.317862899507531E-015  9.918285670598671E-015
  -9.22863331062020       4.631711680858075E-015   6.28729950177749     
 -2.367356222142053E-015  4.615769492100592E-015  -9.22863331062020     
   3.49857913880830      -7.488845863380789E-015  1.804836183859894E-015
   3.49857913880830      -3.556183125752455E-015   3.49857913880830     
   1.73074803096710      -0.345847302921708       6.932591520931320E-019
  1.521618384479866E-019  1.301042606982605E-018 -4.539360813156419E-019
 -1.855038109494951E-019  0.000000000000000E+000  2.297296315832016E-002
 -7.365723642976982E-020  3.764639894906230E-020 -4.065758146820642E-020
  1.978220619600190E-020  3.533553153771518E-020 -2.710505431213761E-020
   6.28729950177749      -1.350435638268354E-014  3.244165004394518E-015
  -9.22863331062020       9.894653627312707E-015 -2.346437720541013E-015
   6.28729950177749      -6.338679581219253E-015  9.890530114766271E-015
  -9.22863331062020       4.631711680858075E-015   6.28729950177749     
 -2.367356242676472E-015  4.608830610198360E-015  -9.22863331062020     
   3.49857913880830      -7.481906985882645E-015  1.797897330237459E-015
   3.49857913880830      -3.556183125752455E-015   3.49857913880830     
