  1008
     1    0.000000    0.000000   -0.771078       0.000579
     2   -0.077108    0.077108   -0.693970       0.000579
     3   -0.154215    0.154216   -0.616862       0.000579
     4   -0.231323    0.231323   -0.539754       0.000579
     5   -0.308431    0.308431   -0.462647       0.000579
     6   -0.385539    0.385539   -0.385539       0.000579
     7   -0.462647    0.462647   -0.308431       0.000579
     8   -0.539754    0.539754   -0.231323       0.000579
     9   -0.616862    0.616862   -0.154216       0.000579
    10   -0.693970    0.693970   -0.077108       0.000579
    11   -0.771078    0.771078    0.000000       0.000579
    12   -0.848186    0.848186    0.077108       0.000579
    13    0.077108   -0.077108   -0.693970       0.000579
    14    0.000000    0.000000   -0.616862       0.000579
    15   -0.077108    0.077108   -0.539754       0.000579
    16   -0.154216    0.154216   -0.462647       0.000579
    17   -0.231323    0.231323   -0.385539       0.000579
    18   -0.308431    0.308431   -0.308431       0.000579
    19   -0.385539    0.385539   -0.231323       0.000579
    20   -0.462647    0.462647   -0.154216       0.000579
    21   -0.539754    0.539754   -0.077108       0.000579
    22   -0.616862    0.616862    0.000000       0.000579
    23   -0.693970    0.693970    0.077108       0.000579
    24   -0.771078    0.771078    0.154216       0.000579
    25    0.154216   -0.154215   -0.616862       0.000579
    26    0.077108   -0.077108   -0.539754       0.000579
    27    0.000000    0.000000   -0.462647       0.000579
    28   -0.077108    0.077108   -0.385539       0.000579
    29   -0.154216    0.154216   -0.308431       0.000579
    30   -0.231323    0.231323   -0.231323       0.000579
    31   -0.308431    0.308431   -0.154216       0.000579
    32   -0.385539    0.385539   -0.077108       0.000579
    33   -0.462647    0.462647    0.000000       0.000579
    34   -0.539754    0.539754    0.077108       0.000579
    35   -0.616862    0.616862    0.154216       0.000579
    36   -0.693970    0.693970    0.231323       0.000579
    37    0.231323   -0.231323   -0.539754       0.000579
    38    0.154216   -0.154216   -0.462647       0.000579
    39    0.077108   -0.077108   -0.385539       0.000579
    40    0.000000    0.000000   -0.308431       0.000579
    41   -0.077108    0.077108   -0.231323       0.000579
    42   -0.154216    0.154216   -0.154216       0.000579
    43   -0.231323    0.231323   -0.077108       0.000579
    44   -0.308431    0.308431    0.000000       0.000579
    45   -0.385539    0.385539    0.077108       0.000579
    46   -0.462647    0.462647    0.154216       0.000579
    47   -0.539754    0.539754    0.231323       0.000579
    48   -0.616862    0.616862    0.308431       0.000579
    49    0.308431   -0.308431   -0.462647       0.000579
    50    0.231323   -0.231323   -0.385539       0.000579
    51    0.154216   -0.154216   -0.308431       0.000579
    52    0.077108   -0.077108   -0.231323       0.000579
    53    0.000000    0.000000   -0.154216       0.000579
    54   -0.077108    0.077108   -0.077108       0.000579
    55   -0.154216    0.154216    0.000000       0.000579
    56   -0.231323    0.231323    0.077108       0.000579
    57   -0.308431    0.308431    0.154216       0.000579
    58   -0.385539    0.385539    0.231323       0.000579
    59   -0.462647    0.462647    0.308431       0.000579
    60   -0.539754    0.539754    0.385539       0.000579
    61    0.385539   -0.385539   -0.385539       0.000579
    62    0.308431   -0.308431   -0.308431       0.000579
    63    0.231323   -0.231323   -0.231323       0.000579
    64    0.154216   -0.154216   -0.154216       0.000579
    65    0.077108   -0.077108   -0.077108       0.000579
    66    0.000000    0.000000    0.000000       0.000579
    67   -0.077108    0.077108    0.077108       0.000579
    68   -0.154216    0.154216    0.154216       0.000579
    69   -0.231323    0.231323    0.231323       0.000579
    70   -0.308431    0.308431    0.308431       0.000579
    71   -0.385539    0.385539    0.385539       0.000579
    72   -0.462647    0.462647    0.462647       0.000579
    73    0.462647   -0.462647   -0.308431       0.000579
    74    0.385539   -0.385539   -0.231323       0.000579
    75    0.308431   -0.308431   -0.154216       0.000579
    76    0.231323   -0.231323   -0.077108       0.000579
    77    0.154216   -0.154216   -0.000000       0.000579
    78    0.077108   -0.077108    0.077108       0.000579
    79   -0.000000   -0.000000    0.154216       0.000579
    80   -0.077108    0.077108    0.231323       0.000579
    81   -0.154216    0.154216    0.308431       0.000579
    82   -0.231323    0.231323    0.385539       0.000579
    83   -0.308431    0.308431    0.462647       0.000579
    84   -0.385539    0.385539    0.539754       0.000579
    85    0.539754   -0.539754   -0.231323       0.000579
    86    0.462647   -0.462647   -0.154216       0.000579
    87    0.385539   -0.385539   -0.077108       0.000579
    88    0.308431   -0.308431   -0.000000       0.000579
    89    0.231323   -0.231323    0.077108       0.000579
    90    0.154216   -0.154216    0.154216       0.000579
    91    0.077108   -0.077108    0.231323       0.000579
    92   -0.000000   -0.000000    0.308431       0.000579
    93   -0.077108    0.077108    0.385539       0.000579
    94   -0.154216    0.154216    0.462647       0.000579
    95   -0.231323    0.231323    0.539754       0.000579
    96   -0.308431    0.308431    0.616862       0.000579
    97    0.616862   -0.616862   -0.154216       0.000579
    98    0.539754   -0.539754   -0.077108       0.000579
    99    0.462647   -0.462647   -0.000000       0.000579
   100    0.385539   -0.385539    0.077108       0.000579
   101    0.308431   -0.308431    0.154216       0.000579
   102    0.231323   -0.231323    0.231323       0.000579
   103    0.154216   -0.154216    0.308431       0.000579
   104    0.077108   -0.077108    0.385539       0.000579
   105   -0.000000   -0.000000    0.462647       0.000579
   106   -0.077108    0.077108    0.539754       0.000579
   107   -0.154216    0.154215    0.616862       0.000579
   108   -0.231323    0.231323    0.693970       0.000579
   109    0.693970   -0.693970   -0.077108       0.000579
   110    0.616862   -0.616862   -0.000000       0.000579
   111    0.539754   -0.539754    0.077108       0.000579
   112    0.462647   -0.462647    0.154216       0.000579
   113    0.385539   -0.385539    0.231323       0.000579
   114    0.308431   -0.308431    0.308431       0.000579
   115    0.231323   -0.231323    0.385539       0.000579
   116    0.154216   -0.154216    0.462647       0.000579
   117    0.077108   -0.077108    0.539754       0.000579
   118   -0.000000   -0.000000    0.616862       0.000579
   119   -0.077108    0.077108    0.693970       0.000579
   120   -0.154216    0.154215    0.771078       0.000579
   121    0.771078   -0.771078   -0.000000       0.000579
   122    0.693970   -0.693970    0.077108       0.000579
   123    0.616862   -0.616862    0.154216       0.000579
   124    0.539754   -0.539754    0.231323       0.000579
   125    0.462647   -0.462647    0.308431       0.000579
   126    0.385539   -0.385539    0.385539       0.000579
   127    0.308431   -0.308431    0.462647       0.000579
   128    0.231323   -0.231323    0.539754       0.000579
   129    0.154215   -0.154216    0.616862       0.000579
   130    0.077108   -0.077108    0.693970       0.000579
   131   -0.000000   -0.000000    0.771078       0.000579
   132   -0.077108    0.077108    0.848185       0.000579
   133    0.848186   -0.848186    0.077108       0.000579
   134    0.771078   -0.771078    0.154216       0.000579
   135    0.693970   -0.693970    0.231323       0.000579
   136    0.616862   -0.616862    0.308431       0.000579
   137    0.539754   -0.539754    0.385539       0.000579
   138    0.462647   -0.462647    0.462647       0.000579
   139    0.385539   -0.385539    0.539754       0.000579
   140    0.308431   -0.308431    0.616862       0.000579
   141    0.231323   -0.231323    0.693970       0.000579
   142    0.154215   -0.154216    0.771078       0.000579
   143    0.077108   -0.077108    0.848185       0.000579
   144   -0.000000   -0.000000    0.925293       0.000579
   145    0.077108    0.077108   -0.848185       0.001157
   146    0.000000    0.154216   -0.771078       0.001157
   147   -0.077108    0.231323   -0.693970       0.001157
   148   -0.154216    0.308431   -0.616862       0.001157
   149   -0.231323    0.385539   -0.539754       0.001157
   150   -0.308431    0.462647   -0.462647       0.001157
   151   -0.385539    0.539754   -0.385539       0.001157
   152   -0.462647    0.616862   -0.308431       0.001157
   153   -0.539754    0.693970   -0.231323       0.001157
   154   -0.616862    0.771078   -0.154216       0.001157
   155   -0.693970    0.848186   -0.077108       0.001157
   156   -0.771078    0.925293   -0.000000       0.001157
   157    0.154216    0.000000   -0.771078       0.001157
   158    0.077108    0.077108   -0.693970       0.001157
   159    0.000000    0.154216   -0.616862       0.001157
   160   -0.077108    0.231323   -0.539754       0.001157
   161   -0.154216    0.308431   -0.462647       0.001157
   162   -0.231323    0.385539   -0.385539       0.001157
   163   -0.308431    0.462647   -0.308431       0.001157
   164   -0.385539    0.539754   -0.231323       0.001157
   165   -0.462647    0.616862   -0.154216       0.001157
   166   -0.539754    0.693970   -0.077108       0.001157
   167   -0.616862    0.771078   -0.000000       0.001157
   168   -0.693970    0.848185    0.077108       0.001157
   169    0.231323   -0.077108   -0.693970       0.001157
   170    0.154216    0.000000   -0.616862       0.001157
   171    0.077108    0.077108   -0.539754       0.001157
   172    0.000000    0.154216   -0.462647       0.001157
   173   -0.077108    0.231323   -0.385539       0.001157
   174   -0.154216    0.308431   -0.308431       0.001157
   175   -0.231323    0.385539   -0.231323       0.001157
   176   -0.308431    0.462647   -0.154216       0.001157
   177   -0.385539    0.539754   -0.077108       0.001157
   178   -0.462647    0.616862   -0.000000       0.001157
   179   -0.539754    0.693970    0.077108       0.001157
   180   -0.616862    0.771078    0.154216       0.001157
   181    0.308431   -0.154216   -0.616862       0.001157
   182    0.231323   -0.077108   -0.539754       0.001157
   183    0.154216    0.000000   -0.462647       0.001157
   184    0.077108    0.077108   -0.385539       0.001157
   185    0.000000    0.154216   -0.308431       0.001157
   186   -0.077108    0.231323   -0.231323       0.001157
   187   -0.154216    0.308431   -0.154216       0.001157
   188   -0.231323    0.385539   -0.077108       0.001157
   189   -0.308431    0.462647   -0.000000       0.001157
   190   -0.385539    0.539754    0.077108       0.001157
   191   -0.462647    0.616862    0.154216       0.001157
   192   -0.539754    0.693970    0.231323       0.001157
   193    0.385539   -0.231323   -0.539754       0.001157
   194    0.308431   -0.154216   -0.462647       0.001157
   195    0.231323   -0.077108   -0.385539       0.001157
   196    0.154216    0.000000   -0.308431       0.001157
   197    0.077108    0.077108   -0.231323       0.001157
   198    0.000000    0.154216   -0.154216       0.001157
   199   -0.077108    0.231323   -0.077108       0.001157
   200   -0.154216    0.308431   -0.000000       0.001157
   201   -0.231323    0.385539    0.077108       0.001157
   202   -0.308431    0.462647    0.154216       0.001157
   203   -0.385539    0.539754    0.231323       0.001157
   204   -0.462647    0.616862    0.308431       0.001157
   205    0.462647   -0.308431   -0.462647       0.001157
   206    0.385539   -0.231323   -0.385539       0.001157
   207    0.308431   -0.154216   -0.308431       0.001157
   208    0.231323   -0.077108   -0.231323       0.001157
   209    0.154216   -0.000000   -0.154216       0.001157
   210    0.077108    0.077108   -0.077108       0.001157
   211   -0.000000    0.154216   -0.000000       0.001157
   212   -0.077108    0.231323    0.077108       0.001157
   213   -0.154216    0.308431    0.154216       0.001157
   214   -0.231323    0.385539    0.231323       0.001157
   215   -0.308431    0.462647    0.308431       0.001157
   216   -0.385539    0.539754    0.385539       0.001157
   217    0.539754   -0.385539   -0.385539       0.001157
   218    0.462647   -0.308431   -0.308431       0.001157
   219    0.385539   -0.231323   -0.231323       0.001157
   220    0.308431   -0.154216   -0.154216       0.001157
   221    0.231323   -0.077108   -0.077108       0.001157
   222    0.154216   -0.000000   -0.000000       0.001157
   223    0.077108    0.077108    0.077108       0.001157
   224   -0.000000    0.154216    0.154216       0.001157
   225   -0.077108    0.231323    0.231323       0.001157
   226   -0.154216    0.308431    0.308431       0.001157
   227   -0.231323    0.385539    0.385539       0.001157
   228   -0.308431    0.462647    0.462647       0.001157
   229    0.616862   -0.462647   -0.308431       0.001157
   230    0.539754   -0.385539   -0.231323       0.001157
   231    0.462647   -0.308431   -0.154216       0.001157
   232    0.385539   -0.231323   -0.077108       0.001157
   233    0.308431   -0.154216   -0.000000       0.001157
   234    0.231323   -0.077108    0.077108       0.001157
   235    0.154216   -0.000000    0.154216       0.001157
   236    0.077108    0.077108    0.231323       0.001157
   237   -0.000000    0.154216    0.308431       0.001157
   238   -0.077108    0.231323    0.385539       0.001157
   239   -0.154216    0.308431    0.462647       0.001157
   240   -0.231323    0.385539    0.539754       0.001157
   241    0.693970   -0.539754   -0.231323       0.001157
   242    0.616862   -0.462647   -0.154216       0.001157
   243    0.539754   -0.385539   -0.077108       0.001157
   244    0.462647   -0.308431   -0.000000       0.001157
   245    0.385539   -0.231323    0.077108       0.001157
   246    0.308431   -0.154216    0.154216       0.001157
   247    0.231323   -0.077108    0.231323       0.001157
   248    0.154216   -0.000000    0.308431       0.001157
   249    0.077108    0.077108    0.385539       0.001157
   250   -0.000000    0.154215    0.462647       0.001157
   251   -0.077108    0.231323    0.539754       0.001157
   252   -0.154216    0.308431    0.616862       0.001157
   253    0.771078   -0.616862   -0.154216       0.001157
   254    0.693970   -0.539754   -0.077108       0.001157
   255    0.616862   -0.462647   -0.000000       0.001157
   256    0.539754   -0.385539    0.077108       0.001157
   257    0.462647   -0.308431    0.154216       0.001157
   258    0.385539   -0.231323    0.231323       0.001157
   259    0.308431   -0.154216    0.308431       0.001157
   260    0.231323   -0.077108    0.385539       0.001157
   261    0.154215   -0.000000    0.462647       0.001157
   262    0.077108    0.077108    0.539754       0.001157
   263   -0.000000    0.154215    0.616862       0.001157
   264   -0.077108    0.231323    0.693970       0.001157
   265    0.848186   -0.693970   -0.077108       0.001157
   266    0.771078   -0.616862   -0.000000       0.001157
   267    0.693970   -0.539754    0.077108       0.001157
   268    0.616862   -0.462647    0.154216       0.001157
   269    0.539754   -0.385539    0.231323       0.001157
   270    0.462647   -0.308431    0.308431       0.001157
   271    0.385539   -0.231323    0.385539       0.001157
   272    0.308431   -0.154216    0.462647       0.001157
   273    0.231323   -0.077108    0.539754       0.001157
   274    0.154215   -0.000000    0.616862       0.001157
   275    0.077108    0.077108    0.693970       0.001157
   276   -0.000000    0.154215    0.771078       0.001157
   277    0.925293   -0.771078   -0.000000       0.001157
   278    0.848185   -0.693970    0.077108       0.001157
   279    0.771078   -0.616862    0.154216       0.001157
   280    0.693970   -0.539754    0.231323       0.001157
   281    0.616862   -0.462647    0.308431       0.001157
   282    0.539754   -0.385539    0.385539       0.001157
   283    0.462647   -0.308431    0.462647       0.001157
   284    0.385539   -0.231323    0.539754       0.001157
   285    0.308431   -0.154216    0.616862       0.001157
   286    0.231323   -0.077108    0.693970       0.001157
   287    0.154215   -0.000000    0.771078       0.001157
   288    0.077108    0.077108    0.848185       0.001157
   289    0.154216    0.154216   -0.925293       0.001157
   290    0.077108    0.231323   -0.848185       0.001157
   291    0.000000    0.308431   -0.771078       0.001157
   292   -0.077108    0.385539   -0.693970       0.001157
   293   -0.154216    0.462647   -0.616862       0.001157
   294   -0.231323    0.539754   -0.539754       0.001157
   295   -0.308431    0.616862   -0.462647       0.001157
   296   -0.385539    0.693970   -0.385539       0.001157
   297   -0.462647    0.771078   -0.308431       0.001157
   298   -0.539754    0.848186   -0.231323       0.001157
   299   -0.616862    0.925293   -0.154216       0.001157
   300   -0.693970    1.002401   -0.077108       0.001157
   301    0.231323    0.077108   -0.848185       0.001157
   302    0.154216    0.154216   -0.771078       0.001157
   303    0.077108    0.231323   -0.693970       0.001157
   304    0.000000    0.308431   -0.616862       0.001157
   305   -0.077108    0.385539   -0.539754       0.001157
   306   -0.154216    0.462647   -0.462647       0.001157
   307   -0.231323    0.539754   -0.385539       0.001157
   308   -0.308431    0.616862   -0.308431       0.001157
   309   -0.385539    0.693970   -0.231323       0.001157
   310   -0.462647    0.771078   -0.154216       0.001157
   311   -0.539754    0.848185   -0.077108       0.001157
   312   -0.616862    0.925293   -0.000000       0.001157
   313    0.308431    0.000000   -0.771078       0.001157
   314    0.231323    0.077108   -0.693970       0.001157
   315    0.154216    0.154216   -0.616862       0.001157
   316    0.077108    0.231323   -0.539754       0.001157
   317    0.000000    0.308431   -0.462647       0.001157
   318   -0.077108    0.385539   -0.385539       0.001157
   319   -0.154216    0.462647   -0.308431       0.001157
   320   -0.231323    0.539754   -0.231323       0.001157
   321   -0.308431    0.616862   -0.154216       0.001157
   322   -0.385539    0.693970   -0.077108       0.001157
   323   -0.462647    0.771078   -0.000000       0.001157
   324   -0.539754    0.848185    0.077108       0.001157
   325    0.385539   -0.077108   -0.693970       0.001157
   326    0.308431    0.000000   -0.616862       0.001157
   327    0.231323    0.077108   -0.539754       0.001157
   328    0.154216    0.154216   -0.462647       0.001157
   329    0.077108    0.231323   -0.385539       0.001157
   330    0.000000    0.308431   -0.308431       0.001157
   331   -0.077108    0.385539   -0.231323       0.001157
   332   -0.154216    0.462647   -0.154216       0.001157
   333   -0.231323    0.539754   -0.077108       0.001157
   334   -0.308431    0.616862   -0.000000       0.001157
   335   -0.385539    0.693970    0.077108       0.001157
   336   -0.462647    0.771078    0.154216       0.001157
   337    0.462647   -0.154216   -0.616862       0.001157
   338    0.385539   -0.077108   -0.539754       0.001157
   339    0.308431    0.000000   -0.462647       0.001157
   340    0.231323    0.077108   -0.385539       0.001157
   341    0.154216    0.154216   -0.308431       0.001157
   342    0.077108    0.231323   -0.231323       0.001157
   343   -0.000000    0.308431   -0.154216       0.001157
   344   -0.077108    0.385539   -0.077108       0.001157
   345   -0.154216    0.462647   -0.000000       0.001157
   346   -0.231323    0.539754    0.077108       0.001157
   347   -0.308431    0.616862    0.154216       0.001157
   348   -0.385539    0.693970    0.231323       0.001157
   349    0.539754   -0.231323   -0.539754       0.001157
   350    0.462647   -0.154216   -0.462647       0.001157
   351    0.385539   -0.077108   -0.385539       0.001157
   352    0.308431   -0.000000   -0.308431       0.001157
   353    0.231323    0.077108   -0.231323       0.001157
   354    0.154216    0.154216   -0.154216       0.001157
   355    0.077108    0.231323   -0.077108       0.001157
   356   -0.000000    0.308431   -0.000000       0.001157
   357   -0.077108    0.385539    0.077108       0.001157
   358   -0.154216    0.462647    0.154216       0.001157
   359   -0.231323    0.539754    0.231323       0.001157
   360   -0.308431    0.616862    0.308431       0.001157
   361    0.616862   -0.308431   -0.462647       0.001157
   362    0.539754   -0.231323   -0.385539       0.001157
   363    0.462647   -0.154216   -0.308431       0.001157
   364    0.385539   -0.077108   -0.231323       0.001157
   365    0.308431   -0.000000   -0.154216       0.001157
   366    0.231323    0.077108   -0.077108       0.001157
   367    0.154216    0.154216   -0.000000       0.001157
   368    0.077108    0.231323    0.077108       0.001157
   369   -0.000000    0.308431    0.154216       0.001157
   370   -0.077108    0.385539    0.231323       0.001157
   371   -0.154216    0.462647    0.308431       0.001157
   372   -0.231323    0.539754    0.385539       0.001157
   373    0.693970   -0.385539   -0.385539       0.001157
   374    0.616862   -0.308431   -0.308431       0.001157
   375    0.539754   -0.231323   -0.231323       0.001157
   376    0.462647   -0.154216   -0.154216       0.001157
   377    0.385539   -0.077108   -0.077108       0.001157
   378    0.308431   -0.000000   -0.000000       0.001157
   379    0.231323    0.077108    0.077108       0.001157
   380    0.154216    0.154216    0.154216       0.001157
   381    0.077108    0.231323    0.231323       0.001157
   382   -0.000000    0.308431    0.308431       0.001157
   383   -0.077108    0.385539    0.385539       0.001157
   384   -0.154216    0.462647    0.462647       0.001157
   385    0.771078   -0.462647   -0.308431       0.001157
   386    0.693970   -0.385539   -0.231323       0.001157
   387    0.616862   -0.308431   -0.154216       0.001157
   388    0.539754   -0.231323   -0.077108       0.001157
   389    0.462647   -0.154216   -0.000000       0.001157
   390    0.385539   -0.077108    0.077108       0.001157
   391    0.308431   -0.000000    0.154216       0.001157
   392    0.231323    0.077108    0.231323       0.001157
   393    0.154215    0.154215    0.308431       0.001157
   394    0.077108    0.231323    0.385539       0.001157
   395   -0.000000    0.308431    0.462647       0.001157
   396   -0.077108    0.385539    0.539754       0.001157
   397    0.848186   -0.539754   -0.231323       0.001157
   398    0.771078   -0.462647   -0.154216       0.001157
   399    0.693970   -0.385539   -0.077108       0.001157
   400    0.616862   -0.308431   -0.000000       0.001157
   401    0.539754   -0.231323    0.077108       0.001157
   402    0.462647   -0.154216    0.154216       0.001157
   403    0.385539   -0.077108    0.231323       0.001157
   404    0.308431   -0.000000    0.308431       0.001157
   405    0.231323    0.077108    0.385539       0.001157
   406    0.154215    0.154215    0.462647       0.001157
   407    0.077108    0.231323    0.539754       0.001157
   408   -0.000000    0.308431    0.616862       0.001157
   409    0.925293   -0.616862   -0.154216       0.001157
   410    0.848185   -0.539754   -0.077108       0.001157
   411    0.771078   -0.462647   -0.000000       0.001157
   412    0.693970   -0.385539    0.077108       0.001157
   413    0.616862   -0.308431    0.154216       0.001157
   414    0.539754   -0.231323    0.231323       0.001157
   415    0.462647   -0.154216    0.308431       0.001157
   416    0.385539   -0.077108    0.385539       0.001157
   417    0.308431   -0.000000    0.462647       0.001157
   418    0.231323    0.077108    0.539754       0.001157
   419    0.154215    0.154215    0.616862       0.001157
   420    0.077108    0.231323    0.693970       0.001157
   421    1.002401   -0.693970   -0.077108       0.001157
   422    0.925293   -0.616862   -0.000000       0.001157
   423    0.848185   -0.539754    0.077108       0.001157
   424    0.771078   -0.462647    0.154216       0.001157
   425    0.693970   -0.385539    0.231323       0.001157
   426    0.616862   -0.308431    0.308431       0.001157
   427    0.539754   -0.231323    0.385539       0.001157
   428    0.462647   -0.154216    0.462647       0.001157
   429    0.385539   -0.077108    0.539754       0.001157
   430    0.308431   -0.000000    0.616862       0.001157
   431    0.231323    0.077108    0.693970       0.001157
   432    0.154215    0.154215    0.771078       0.001157
   433    0.231323    0.231323   -1.002401       0.001157
   434    0.154216    0.308431   -0.925293       0.001157
   435    0.077108    0.385539   -0.848185       0.001157
   436    0.000000    0.462647   -0.771078       0.001157
   437   -0.077108    0.539754   -0.693970       0.001157
   438   -0.154216    0.616862   -0.616862       0.001157
   439   -0.231323    0.693970   -0.539754       0.001157
   440   -0.308431    0.771078   -0.462647       0.001157
   441   -0.385539    0.848186   -0.385539       0.001157
   442   -0.462647    0.925293   -0.308431       0.001157
   443   -0.539754    1.002401   -0.231323       0.001157
   444   -0.616862    1.079509   -0.154216       0.001157
   445    0.308431    0.154216   -0.925293       0.001157
   446    0.231323    0.231323   -0.848185       0.001157
   447    0.154216    0.308431   -0.771078       0.001157
   448    0.077108    0.385539   -0.693970       0.001157
   449    0.000000    0.462647   -0.616862       0.001157
   450   -0.077108    0.539754   -0.539754       0.001157
   451   -0.154216    0.616862   -0.462647       0.001157
   452   -0.231323    0.693970   -0.385539       0.001157
   453   -0.308431    0.771078   -0.308431       0.001157
   454   -0.385539    0.848185   -0.231323       0.001157
   455   -0.462647    0.925293   -0.154216       0.001157
   456   -0.539754    1.002401   -0.077108       0.001157
   457    0.385539    0.077108   -0.848185       0.001157
   458    0.308431    0.154216   -0.771078       0.001157
   459    0.231323    0.231323   -0.693970       0.001157
   460    0.154216    0.308431   -0.616862       0.001157
   461    0.077108    0.385539   -0.539754       0.001157
   462   -0.000000    0.462647   -0.462647       0.001157
   463   -0.077108    0.539754   -0.385539       0.001157
   464   -0.154216    0.616862   -0.308431       0.001157
   465   -0.231323    0.693970   -0.231323       0.001157
   466   -0.308431    0.771078   -0.154216       0.001157
   467   -0.385539    0.848185   -0.077108       0.001157
   468   -0.462647    0.925293   -0.000000       0.001157
   469    0.462647    0.000000   -0.771078       0.001157
   470    0.385539    0.077108   -0.693970       0.001157
   471    0.308431    0.154216   -0.616862       0.001157
   472    0.231323    0.231323   -0.539754       0.001157
   473    0.154216    0.308431   -0.462647       0.001157
   474    0.077108    0.385539   -0.385539       0.001157
   475   -0.000000    0.462647   -0.308431       0.001157
   476   -0.077108    0.539754   -0.231323       0.001157
   477   -0.154216    0.616862   -0.154216       0.001157
   478   -0.231323    0.693970   -0.077108       0.001157
   479   -0.308431    0.771078   -0.000000       0.001157
   480   -0.385539    0.848185    0.077108       0.001157
   481    0.539754   -0.077108   -0.693970       0.001157
   482    0.462647    0.000000   -0.616862       0.001157
   483    0.385539    0.077108   -0.539754       0.001157
   484    0.308431    0.154216   -0.462647       0.001157
   485    0.231323    0.231323   -0.385539       0.001157
   486    0.154216    0.308431   -0.308431       0.001157
   487    0.077108    0.385539   -0.231323       0.001157
   488   -0.000000    0.462647   -0.154216       0.001157
   489   -0.077108    0.539754   -0.077108       0.001157
   490   -0.154216    0.616862   -0.000000       0.001157
   491   -0.231323    0.693970    0.077108       0.001157
   492   -0.308431    0.771078    0.154215       0.001157
   493    0.616862   -0.154216   -0.616862       0.001157
   494    0.539754   -0.077108   -0.539754       0.001157
   495    0.462647   -0.000000   -0.462647       0.001157
   496    0.385539    0.077108   -0.385539       0.001157
   497    0.308431    0.154216   -0.308431       0.001157
   498    0.231323    0.231323   -0.231323       0.001157
   499    0.154216    0.308431   -0.154216       0.001157
   500    0.077108    0.385539   -0.077108       0.001157
   501   -0.000000    0.462647   -0.000000       0.001157
   502   -0.077108    0.539754    0.077108       0.001157
   503   -0.154216    0.616862    0.154215       0.001157
   504   -0.231323    0.693970    0.231323       0.001157
   505    0.693970   -0.231323   -0.539754       0.001157
   506    0.616862   -0.154216   -0.462647       0.001157
   507    0.539754   -0.077108   -0.385539       0.001157
   508    0.462647   -0.000000   -0.308431       0.001157
   509    0.385539    0.077108   -0.231323       0.001157
   510    0.308431    0.154216   -0.154216       0.001157
   511    0.231323    0.231323   -0.077108       0.001157
   512    0.154216    0.308431   -0.000000       0.001157
   513    0.077108    0.385539    0.077108       0.001157
   514   -0.000000    0.462647    0.154215       0.001157
   515   -0.077108    0.539754    0.231323       0.001157
   516   -0.154216    0.616862    0.308431       0.001157
   517    0.771078   -0.308431   -0.462647       0.001157
   518    0.693970   -0.231323   -0.385539       0.001157
   519    0.616862   -0.154216   -0.308431       0.001157
   520    0.539754   -0.077108   -0.231323       0.001157
   521    0.462647   -0.000000   -0.154216       0.001157
   522    0.385539    0.077108   -0.077108       0.001157
   523    0.308431    0.154216   -0.000000       0.001157
   524    0.231323    0.231323    0.077108       0.001157
   525    0.154215    0.308431    0.154215       0.001157
   526    0.077108    0.385539    0.231323       0.001157
   527   -0.000000    0.462647    0.308431       0.001157
   528   -0.077108    0.539754    0.385539       0.001157
   529    0.848186   -0.385539   -0.385539       0.001157
   530    0.771078   -0.308431   -0.308431       0.001157
   531    0.693970   -0.231323   -0.231323       0.001157
   532    0.616862   -0.154216   -0.154216       0.001157
   533    0.539754   -0.077108   -0.077108       0.001157
   534    0.462647   -0.000000   -0.000000       0.001157
   535    0.385539    0.077108    0.077108       0.001157
   536    0.308431    0.154215    0.154215       0.001157
   537    0.231323    0.231323    0.231323       0.001157
   538    0.154215    0.308431    0.308431       0.001157
   539    0.077108    0.385539    0.385539       0.001157
   540   -0.000000    0.462647    0.462647       0.001157
   541    0.925293   -0.462647   -0.308431       0.001157
   542    0.848185   -0.385539   -0.231323       0.001157
   543    0.771078   -0.308431   -0.154216       0.001157
   544    0.693970   -0.231323   -0.077108       0.001157
   545    0.616862   -0.154216   -0.000000       0.001157
   546    0.539754   -0.077108    0.077108       0.001157
   547    0.462647   -0.000000    0.154215       0.001157
   548    0.385539    0.077108    0.231323       0.001157
   549    0.308431    0.154215    0.308431       0.001157
   550    0.231323    0.231323    0.385539       0.001157
   551    0.154215    0.308431    0.462647       0.001157
   552    0.077108    0.385539    0.539754       0.001157
   553    1.002401   -0.539754   -0.231323       0.001157
   554    0.925293   -0.462647   -0.154216       0.001157
   555    0.848185   -0.385539   -0.077108       0.001157
   556    0.771078   -0.308431   -0.000000       0.001157
   557    0.693970   -0.231323    0.077108       0.001157
   558    0.616862   -0.154216    0.154215       0.001157
   559    0.539754   -0.077108    0.231323       0.001157
   560    0.462647   -0.000000    0.308431       0.001157
   561    0.385539    0.077108    0.385539       0.001157
   562    0.308431    0.154215    0.462647       0.001157
   563    0.231323    0.231323    0.539754       0.001157
   564    0.154215    0.308431    0.616862       0.001157
   565    1.079509   -0.616862   -0.154216       0.001157
   566    1.002401   -0.539754   -0.077108       0.001157
   567    0.925293   -0.462647   -0.000000       0.001157
   568    0.848185   -0.385539    0.077108       0.001157
   569    0.771078   -0.308431    0.154215       0.001157
   570    0.693970   -0.231323    0.231323       0.001157
   571    0.616862   -0.154216    0.308431       0.001157
   572    0.539754   -0.077108    0.385539       0.001157
   573    0.462647   -0.000000    0.462647       0.001157
   574    0.385539    0.077108    0.539754       0.001157
   575    0.308431    0.154215    0.616862       0.001157
   576    0.231323    0.231323    0.693970       0.001157
   577    0.308431    0.308431   -1.079509       0.001157
   578    0.231323    0.385539   -1.002401       0.001157
   579    0.154216    0.462647   -0.925293       0.001157
   580    0.077108    0.539754   -0.848185       0.001157
   581    0.000000    0.616862   -0.771078       0.001157
   582   -0.077108    0.693970   -0.693970       0.001157
   583   -0.154216    0.771078   -0.616862       0.001157
   584   -0.231323    0.848186   -0.539754       0.001157
   585   -0.308431    0.925293   -0.462647       0.001157
   586   -0.385539    1.002401   -0.385539       0.001157
   587   -0.462647    1.079509   -0.308431       0.001157
   588   -0.539754    1.156617   -0.231323       0.001157
   589    0.385539    0.231323   -1.002401       0.001157
   590    0.308431    0.308431   -0.925293       0.001157
   591    0.231323    0.385539   -0.848185       0.001157
   592    0.154216    0.462647   -0.771078       0.001157
   593    0.077108    0.539754   -0.693970       0.001157
   594    0.000000    0.616862   -0.616862       0.001157
   595   -0.077108    0.693970   -0.539754       0.001157
   596   -0.154216    0.771078   -0.462647       0.001157
   597   -0.231323    0.848185   -0.385539       0.001157
   598   -0.308431    0.925293   -0.308431       0.001157
   599   -0.385539    1.002401   -0.231323       0.001157
   600   -0.462647    1.079509   -0.154216       0.001157
   601    0.462647    0.154216   -0.925293       0.001157
   602    0.385539    0.231323   -0.848185       0.001157
   603    0.308431    0.308431   -0.771078       0.001157
   604    0.231323    0.385539   -0.693970       0.001157
   605    0.154216    0.462647   -0.616862       0.001157
   606    0.077108    0.539754   -0.539754       0.001157
   607   -0.000000    0.616862   -0.462647       0.001157
   608   -0.077108    0.693970   -0.385539       0.001157
   609   -0.154216    0.771078   -0.308431       0.001157
   610   -0.231323    0.848185   -0.231323       0.001157
   611   -0.308431    0.925293   -0.154216       0.001157
   612   -0.385539    1.002401   -0.077108       0.001157
   613    0.539754    0.077108   -0.848185       0.001157
   614    0.462647    0.154216   -0.771078       0.001157
   615    0.385539    0.231323   -0.693970       0.001157
   616    0.308431    0.308431   -0.616862       0.001157
   617    0.231323    0.385539   -0.539754       0.001157
   618    0.154216    0.462647   -0.462647       0.001157
   619    0.077108    0.539754   -0.385539       0.001157
   620   -0.000000    0.616862   -0.308431       0.001157
   621   -0.077108    0.693970   -0.231323       0.001157
   622   -0.154216    0.771078   -0.154216       0.001157
   623   -0.231323    0.848185   -0.077108       0.001157
   624   -0.308431    0.925293   -0.000000       0.001157
   625    0.616862    0.000000   -0.771078       0.001157
   626    0.539754    0.077108   -0.693970       0.001157
   627    0.462647    0.154216   -0.616862       0.001157
   628    0.385539    0.231323   -0.539754       0.001157
   629    0.308431    0.308431   -0.462647       0.001157
   630    0.231323    0.385539   -0.385539       0.001157
   631    0.154216    0.462647   -0.308431       0.001157
   632    0.077108    0.539754   -0.231323       0.001157
   633   -0.000000    0.616862   -0.154216       0.001157
   634   -0.077108    0.693970   -0.077108       0.001157
   635   -0.154216    0.771078   -0.000000       0.001157
   636   -0.231323    0.848185    0.077108       0.001157
   637    0.693970   -0.077108   -0.693970       0.001157
   638    0.616862   -0.000000   -0.616862       0.001157
   639    0.539754    0.077108   -0.539754       0.001157
   640    0.462647    0.154216   -0.462647       0.001157
   641    0.385539    0.231323   -0.385539       0.001157
   642    0.308431    0.308431   -0.308431       0.001157
   643    0.231323    0.385539   -0.231323       0.001157
   644    0.154216    0.462647   -0.154216       0.001157
   645    0.077108    0.539754   -0.077108       0.001157
   646   -0.000000    0.616862   -0.000000       0.001157
   647   -0.077108    0.693970    0.077108       0.001157
   648   -0.154216    0.771078    0.154215       0.001157
   649    0.771078   -0.154216   -0.616862       0.001157
   650    0.693970   -0.077108   -0.539754       0.001157
   651    0.616862   -0.000000   -0.462647       0.001157
   652    0.539754    0.077108   -0.385539       0.001157
   653    0.462647    0.154216   -0.308431       0.001157
   654    0.385539    0.231323   -0.231323       0.001157
   655    0.308431    0.308431   -0.154216       0.001157
   656    0.231323    0.385539   -0.077108       0.001157
   657    0.154215    0.462647   -0.000000       0.001157
   658    0.077108    0.539754    0.077108       0.001157
   659   -0.000000    0.616862    0.154215       0.001157
   660   -0.077108    0.693970    0.231323       0.001157
   661    0.848186   -0.231323   -0.539754       0.001157
   662    0.771078   -0.154216   -0.462647       0.001157
   663    0.693970   -0.077108   -0.385539       0.001157
   664    0.616862   -0.000000   -0.308431       0.001157
   665    0.539754    0.077108   -0.231323       0.001157
   666    0.462647    0.154216   -0.154216       0.001157
   667    0.385539    0.231323   -0.077108       0.001157
   668    0.308431    0.308431   -0.000000       0.001157
   669    0.231323    0.385539    0.077108       0.001157
   670    0.154215    0.462647    0.154215       0.001157
   671    0.077108    0.539754    0.231323       0.001157
   672   -0.000000    0.616862    0.308431       0.001157
   673    0.925293   -0.308431   -0.462647       0.001157
   674    0.848185   -0.231323   -0.385539       0.001157
   675    0.771078   -0.154216   -0.308431       0.001157
   676    0.693970   -0.077108   -0.231323       0.001157
   677    0.616862   -0.000000   -0.154216       0.001157
   678    0.539754    0.077108   -0.077108       0.001157
   679    0.462647    0.154215   -0.000000       0.001157
   680    0.385539    0.231323    0.077108       0.001157
   681    0.308431    0.308431    0.154215       0.001157
   682    0.231323    0.385539    0.231323       0.001157
   683    0.154215    0.462647    0.308431       0.001157
   684    0.077108    0.539754    0.385539       0.001157
   685    1.002401   -0.385539   -0.385539       0.001157
   686    0.925293   -0.308431   -0.308431       0.001157
   687    0.848185   -0.231323   -0.231323       0.001157
   688    0.771078   -0.154216   -0.154216       0.001157
   689    0.693970   -0.077108   -0.077108       0.001157
   690    0.616862   -0.000000   -0.000000       0.001157
   691    0.539754    0.077108    0.077108       0.001157
   692    0.462647    0.154215    0.154215       0.001157
   693    0.385539    0.231323    0.231323       0.001157
   694    0.308431    0.308431    0.308431       0.001157
   695    0.231323    0.385539    0.385539       0.001157
   696    0.154215    0.462647    0.462647       0.001157
   697    1.079509   -0.462647   -0.308431       0.001157
   698    1.002401   -0.385539   -0.231323       0.001157
   699    0.925293   -0.308431   -0.154216       0.001157
   700    0.848185   -0.231323   -0.077108       0.001157
   701    0.771078   -0.154216   -0.000000       0.001157
   702    0.693970   -0.077108    0.077108       0.001157
   703    0.616862   -0.000000    0.154215       0.001157
   704    0.539754    0.077108    0.231323       0.001157
   705    0.462647    0.154215    0.308431       0.001157
   706    0.385539    0.231323    0.385539       0.001157
   707    0.308431    0.308431    0.462647       0.001157
   708    0.231323    0.385539    0.539754       0.001157
   709    1.156617   -0.539754   -0.231323       0.001157
   710    1.079509   -0.462647   -0.154216       0.001157
   711    1.002401   -0.385539   -0.077108       0.001157
   712    0.925293   -0.308431   -0.000000       0.001157
   713    0.848185   -0.231323    0.077108       0.001157
   714    0.771078   -0.154216    0.154215       0.001157
   715    0.693970   -0.077108    0.231323       0.001157
   716    0.616862   -0.000000    0.308431       0.001157
   717    0.539754    0.077108    0.385539       0.001157
   718    0.462647    0.154215    0.462647       0.001157
   719    0.385539    0.231323    0.539754       0.001157
   720    0.308431    0.308431    0.616862       0.001157
   721    0.385539    0.385539   -1.156617       0.001157
   722    0.308431    0.462647   -1.079509       0.001157
   723    0.231323    0.539754   -1.002401       0.001157
   724    0.154216    0.616862   -0.925293       0.001157
   725    0.077108    0.693970   -0.848186       0.001157
   726    0.000000    0.771078   -0.771078       0.001157
   727   -0.077108    0.848186   -0.693970       0.001157
   728   -0.154216    0.925293   -0.616862       0.001157
   729   -0.231323    1.002401   -0.539754       0.001157
   730   -0.308431    1.079509   -0.462647       0.001157
   731   -0.385539    1.156617   -0.385539       0.001157
   732   -0.462647    1.233724   -0.308431       0.001157
   733    0.462647    0.308431   -1.079509       0.001157
   734    0.385539    0.385539   -1.002401       0.001157
   735    0.308431    0.462647   -0.925293       0.001157
   736    0.231323    0.539754   -0.848186       0.001157
   737    0.154216    0.616862   -0.771078       0.001157
   738    0.077108    0.693970   -0.693970       0.001157
   739   -0.000000    0.771078   -0.616862       0.001157
   740   -0.077108    0.848185   -0.539754       0.001157
   741   -0.154216    0.925293   -0.462647       0.001157
   742   -0.231323    1.002401   -0.385539       0.001157
   743   -0.308431    1.079509   -0.308431       0.001157
   744   -0.385539    1.156617   -0.231323       0.001157
   745    0.539754    0.231323   -1.002401       0.001157
   746    0.462647    0.308431   -0.925293       0.001157
   747    0.385539    0.385539   -0.848186       0.001157
   748    0.308431    0.462647   -0.771078       0.001157
   749    0.231323    0.539754   -0.693970       0.001157
   750    0.154216    0.616862   -0.616862       0.001157
   751    0.077108    0.693970   -0.539754       0.001157
   752   -0.000000    0.771078   -0.462647       0.001157
   753   -0.077108    0.848185   -0.385539       0.001157
   754   -0.154216    0.925293   -0.308431       0.001157
   755   -0.231323    1.002401   -0.231323       0.001157
   756   -0.308431    1.079509   -0.154216       0.001157
   757    0.616862    0.154216   -0.925293       0.001157
   758    0.539754    0.231323   -0.848186       0.001157
   759    0.462647    0.308431   -0.771078       0.001157
   760    0.385539    0.385539   -0.693970       0.001157
   761    0.308431    0.462647   -0.616862       0.001157
   762    0.231323    0.539754   -0.539754       0.001157
   763    0.154216    0.616862   -0.462647       0.001157
   764    0.077108    0.693970   -0.385539       0.001157
   765   -0.000000    0.771078   -0.308431       0.001157
   766   -0.077108    0.848185   -0.231323       0.001157
   767   -0.154216    0.925293   -0.154216       0.001157
   768   -0.231323    1.002401   -0.077108       0.001157
   769    0.693970    0.077108   -0.848186       0.001157
   770    0.616862    0.154216   -0.771078       0.001157
   771    0.539754    0.231323   -0.693970       0.001157
   772    0.462647    0.308431   -0.616862       0.001157
   773    0.385539    0.385539   -0.539754       0.001157
   774    0.308431    0.462647   -0.462647       0.001157
   775    0.231323    0.539754   -0.385539       0.001157
   776    0.154216    0.616862   -0.308431       0.001157
   777    0.077108    0.693970   -0.231323       0.001157
   778   -0.000000    0.771078   -0.154216       0.001157
   779   -0.077108    0.848185   -0.077108       0.001157
   780   -0.154216    0.925293   -0.000000       0.001157
   781    0.771078   -0.000000   -0.771078       0.001157
   782    0.693970    0.077108   -0.693970       0.001157
   783    0.616862    0.154216   -0.616862       0.001157
   784    0.539754    0.231323   -0.539754       0.001157
   785    0.462647    0.308431   -0.462647       0.001157
   786    0.385539    0.385539   -0.385539       0.001157
   787    0.308431    0.462647   -0.308431       0.001157
   788    0.231323    0.539754   -0.231323       0.001157
   789    0.154215    0.616862   -0.154216       0.001157
   790    0.077108    0.693970   -0.077108       0.001157
   791   -0.000000    0.771078   -0.000000       0.001157
   792   -0.077108    0.848185    0.077108       0.001157
   793    0.848186   -0.077108   -0.693970       0.001157
   794    0.771078   -0.000000   -0.616862       0.001157
   795    0.693970    0.077108   -0.539754       0.001157
   796    0.616862    0.154216   -0.462647       0.001157
   797    0.539754    0.231323   -0.385539       0.001157
   798    0.462647    0.308431   -0.308431       0.001157
   799    0.385539    0.385539   -0.231323       0.001157
   800    0.308431    0.462647   -0.154216       0.001157
   801    0.231323    0.539754   -0.077108       0.001157
   802    0.154215    0.616862   -0.000000       0.001157
   803    0.077108    0.693970    0.077108       0.001157
   804   -0.000000    0.771078    0.154215       0.001157
   805    0.925293   -0.154216   -0.616862       0.001157
   806    0.848185   -0.077108   -0.539754       0.001157
   807    0.771078   -0.000000   -0.462647       0.001157
   808    0.693970    0.077108   -0.385539       0.001157
   809    0.616862    0.154216   -0.308431       0.001157
   810    0.539754    0.231323   -0.231323       0.001157
   811    0.462647    0.308431   -0.154216       0.001157
   812    0.385539    0.385539   -0.077108       0.001157
   813    0.308431    0.462647   -0.000000       0.001157
   814    0.231323    0.539754    0.077108       0.001157
   815    0.154215    0.616862    0.154215       0.001157
   816    0.077108    0.693970    0.231323       0.001157
   817    1.002401   -0.231323   -0.539754       0.001157
   818    0.925293   -0.154216   -0.462647       0.001157
   819    0.848185   -0.077108   -0.385539       0.001157
   820    0.771078   -0.000000   -0.308431       0.001157
   821    0.693970    0.077108   -0.231323       0.001157
   822    0.616862    0.154215   -0.154216       0.001157
   823    0.539754    0.231323   -0.077108       0.001157
   824    0.462647    0.308431   -0.000000       0.001157
   825    0.385539    0.385539    0.077108       0.001157
   826    0.308431    0.462647    0.154215       0.001157
   827    0.231323    0.539754    0.231323       0.001157
   828    0.154215    0.616862    0.308431       0.001157
   829    1.079509   -0.308431   -0.462647       0.001157
   830    1.002401   -0.231323   -0.385539       0.001157
   831    0.925293   -0.154216   -0.308431       0.001157
   832    0.848185   -0.077108   -0.231323       0.001157
   833    0.771078   -0.000000   -0.154216       0.001157
   834    0.693970    0.077108   -0.077108       0.001157
   835    0.616862    0.154215   -0.000000       0.001157
   836    0.539754    0.231323    0.077108       0.001157
   837    0.462647    0.308431    0.154215       0.001157
   838    0.385539    0.385539    0.231323       0.001157
   839    0.308431    0.462647    0.308431       0.001157
   840    0.231323    0.539754    0.385539       0.001157
   841    1.156617   -0.385539   -0.385539       0.001157
   842    1.079509   -0.308431   -0.308431       0.001157
   843    1.002401   -0.231323   -0.231323       0.001157
   844    0.925293   -0.154216   -0.154216       0.001157
   845    0.848185   -0.077108   -0.077108       0.001157
   846    0.771078   -0.000000   -0.000000       0.001157
   847    0.693970    0.077108    0.077108       0.001157
   848    0.616862    0.154215    0.154215       0.001157
   849    0.539754    0.231323    0.231323       0.001157
   850    0.462647    0.308431    0.308431       0.001157
   851    0.385539    0.385539    0.385539       0.001157
   852    0.308431    0.462647    0.462647       0.001157
   853    1.233724   -0.462647   -0.308431       0.001157
   854    1.156617   -0.385539   -0.231323       0.001157
   855    1.079509   -0.308431   -0.154216       0.001157
   856    1.002401   -0.231323   -0.077108       0.001157
   857    0.925293   -0.154216   -0.000000       0.001157
   858    0.848185   -0.077108    0.077108       0.001157
   859    0.771078   -0.000000    0.154215       0.001157
   860    0.693970    0.077108    0.231323       0.001157
   861    0.616862    0.154215    0.308431       0.001157
   862    0.539754    0.231323    0.385539       0.001157
   863    0.462647    0.308431    0.462647       0.001157
   864    0.385539    0.385539    0.539754       0.001157
   865    0.462647    0.462647   -1.233724       0.000579
   866    0.385539    0.539754   -1.156617       0.000579
   867    0.308431    0.616862   -1.079509       0.000579
   868    0.231323    0.693970   -1.002401       0.000579
   869    0.154216    0.771078   -0.925293       0.000579
   870    0.077108    0.848186   -0.848186       0.000579
   871   -0.000000    0.925293   -0.771078       0.000579
   872   -0.077108    1.002401   -0.693970       0.000579
   873   -0.154216    1.079509   -0.616862       0.000579
   874   -0.231323    1.156617   -0.539754       0.000579
   875   -0.308431    1.233724   -0.462647       0.000579
   876   -0.385539    1.310832   -0.385539       0.000579
   877    0.539754    0.385539   -1.156617       0.000579
   878    0.462647    0.462647   -1.079509       0.000579
   879    0.385539    0.539754   -1.002401       0.000579
   880    0.308431    0.616862   -0.925293       0.000579
   881    0.231323    0.693970   -0.848186       0.000579
   882    0.154216    0.771078   -0.771078       0.000579
   883    0.077108    0.848185   -0.693970       0.000579
   884   -0.000000    0.925293   -0.616862       0.000579
   885   -0.077108    1.002401   -0.539754       0.000579
   886   -0.154216    1.079509   -0.462647       0.000579
   887   -0.231323    1.156617   -0.385539       0.000579
   888   -0.308431    1.233724   -0.308431       0.000579
   889    0.616862    0.308431   -1.079509       0.000579
   890    0.539754    0.385539   -1.002401       0.000579
   891    0.462647    0.462647   -0.925293       0.000579
   892    0.385539    0.539754   -0.848186       0.000579
   893    0.308431    0.616862   -0.771078       0.000579
   894    0.231323    0.693970   -0.693970       0.000579
   895    0.154216    0.771078   -0.616862       0.000579
   896    0.077108    0.848185   -0.539754       0.000579
   897   -0.000000    0.925293   -0.462647       0.000579
   898   -0.077108    1.002401   -0.385539       0.000579
   899   -0.154216    1.079509   -0.308431       0.000579
   900   -0.231323    1.156617   -0.231323       0.000579
   901    0.693970    0.231323   -1.002401       0.000579
   902    0.616862    0.308431   -0.925293       0.000579
   903    0.539754    0.385539   -0.848186       0.000579
   904    0.462647    0.462647   -0.771078       0.000579
   905    0.385539    0.539754   -0.693970       0.000579
   906    0.308431    0.616862   -0.616862       0.000579
   907    0.231323    0.693970   -0.539754       0.000579
   908    0.154216    0.771078   -0.462647       0.000579
   909    0.077108    0.848185   -0.385539       0.000579
   910   -0.000000    0.925293   -0.308431       0.000579
   911   -0.077108    1.002401   -0.231323       0.000579
   912   -0.154216    1.079509   -0.154216       0.000579
   913    0.771078    0.154216   -0.925293       0.000579
   914    0.693970    0.231323   -0.848186       0.000579
   915    0.616862    0.308431   -0.771078       0.000579
   916    0.539754    0.385539   -0.693970       0.000579
   917    0.462647    0.462647   -0.616862       0.000579
   918    0.385539    0.539754   -0.539754       0.000579
   919    0.308431    0.616862   -0.462647       0.000579
   920    0.231323    0.693970   -0.385539       0.000579
   921    0.154215    0.771078   -0.308431       0.000579
   922    0.077108    0.848185   -0.231323       0.000579
   923   -0.000000    0.925293   -0.154216       0.000579
   924   -0.077108    1.002401   -0.077108       0.000579
   925    0.848186    0.077108   -0.848186       0.000579
   926    0.771078    0.154216   -0.771078       0.000579
   927    0.693970    0.231323   -0.693970       0.000579
   928    0.616862    0.308431   -0.616862       0.000579
   929    0.539754    0.385539   -0.539754       0.000579
   930    0.462647    0.462647   -0.462647       0.000579
   931    0.385539    0.539754   -0.385539       0.000579
   932    0.308431    0.616862   -0.308431       0.000579
   933    0.231323    0.693970   -0.231323       0.000579
   934    0.154215    0.771078   -0.154216       0.000579
   935    0.077108    0.848185   -0.077108       0.000579
   936   -0.000000    0.925293   -0.000000       0.000579
   937    0.925293   -0.000000   -0.771078       0.000579
   938    0.848185    0.077108   -0.693970       0.000579
   939    0.771078    0.154216   -0.616862       0.000579
   940    0.693970    0.231323   -0.539754       0.000579
   941    0.616862    0.308431   -0.462647       0.000579
   942    0.539754    0.385539   -0.385539       0.000579
   943    0.462647    0.462647   -0.308431       0.000579
   944    0.385539    0.539754   -0.231323       0.000579
   945    0.308431    0.616862   -0.154216       0.000579
   946    0.231323    0.693970   -0.077108       0.000579
   947    0.154215    0.771078   -0.000000       0.000579
   948    0.077108    0.848185    0.077108       0.000579
   949    1.002401   -0.077108   -0.693970       0.000579
   950    0.925293   -0.000000   -0.616862       0.000579
   951    0.848185    0.077108   -0.539754       0.000579
   952    0.771078    0.154216   -0.462647       0.000579
   953    0.693970    0.231323   -0.385539       0.000579
   954    0.616862    0.308431   -0.308431       0.000579
   955    0.539754    0.385539   -0.231323       0.000579
   956    0.462647    0.462647   -0.154216       0.000579
   957    0.385539    0.539754   -0.077108       0.000579
   958    0.308431    0.616862   -0.000000       0.000579
   959    0.231323    0.693970    0.077108       0.000579
   960    0.154215    0.771078    0.154215       0.000579
   961    1.079509   -0.154216   -0.616862       0.000579
   962    1.002401   -0.077108   -0.539754       0.000579
   963    0.925293   -0.000000   -0.462647       0.000579
   964    0.848185    0.077108   -0.385539       0.000579
   965    0.771078    0.154215   -0.308431       0.000579
   966    0.693970    0.231323   -0.231323       0.000579
   967    0.616862    0.308431   -0.154216       0.000579
   968    0.539754    0.385539   -0.077108       0.000579
   969    0.462647    0.462647   -0.000000       0.000579
   970    0.385539    0.539754    0.077108       0.000579
   971    0.308431    0.616862    0.154215       0.000579
   972    0.231323    0.693970    0.231323       0.000579
   973    1.156617   -0.231323   -0.539754       0.000579
   974    1.079509   -0.154216   -0.462647       0.000579
   975    1.002401   -0.077108   -0.385539       0.000579
   976    0.925293   -0.000000   -0.308431       0.000579
   977    0.848185    0.077108   -0.231323       0.000579
   978    0.771078    0.154215   -0.154216       0.000579
   979    0.693970    0.231323   -0.077108       0.000579
   980    0.616862    0.308431   -0.000000       0.000579
   981    0.539754    0.385539    0.077108       0.000579
   982    0.462647    0.462647    0.154215       0.000579
   983    0.385539    0.539754    0.231323       0.000579
   984    0.308431    0.616862    0.308431       0.000579
   985    1.233724   -0.308431   -0.462647       0.000579
   986    1.156617   -0.231323   -0.385539       0.000579
   987    1.079509   -0.154216   -0.308431       0.000579
   988    1.002401   -0.077108   -0.231323       0.000579
   989    0.925293   -0.000000   -0.154216       0.000579
   990    0.848185    0.077108   -0.077108       0.000579
   991    0.771078    0.154215   -0.000000       0.000579
   992    0.693970    0.231323    0.077108       0.000579
   993    0.616862    0.308431    0.154215       0.000579
   994    0.539754    0.385539    0.231323       0.000579
   995    0.462647    0.462647    0.308431       0.000579
   996    0.385539    0.539754    0.385539       0.000579
   997    1.310832   -0.385539   -0.385539       0.000579
   998    1.233724   -0.308431   -0.308431       0.000579
   999    1.156617   -0.231323   -0.231323       0.000579
  1000    1.079509   -0.154216   -0.154216       0.000579
  1001    1.002401   -0.077108   -0.077108       0.000579
  1002    0.925293   -0.000000   -0.000000       0.000579
  1003    0.848185    0.077108    0.077108       0.000579
  1004    0.771078    0.154215    0.154215       0.000579
  1005    0.693970    0.231323    0.231323       0.000579
  1006    0.616862    0.308431    0.308431       0.000579
  1007    0.539754    0.385539    0.385539       0.000579
  1008    0.462647    0.462647    0.462647       0.000579
