   1.73649324548099      -0.352262503948977      -1.128350167565658E-018
 -5.874915543136554E-019 -1.301042606982605E-018  4.552110470534132E-019
  1.876312045951642E-019  1.951563910473908E-018  2.357078601002644E-002
  2.892200758235431E-021  1.769992703193498E-020  1.219727444046192E-019
  4.360426500218210E-020 -3.683672095812469E-020 -5.421010862427522E-020
   6.42324701716061      -1.378768482628282E-014  3.278388245904283E-015
  -9.50583691458238       1.019208102194349E-014 -2.359759570693385E-015
   6.42324701716061      -6.498274141009119E-015  1.022327934349357E-014
  -9.50583691458238       4.805184028455756E-015   6.42324701716061     
 -2.363529950681378E-015  4.775292275866792E-015  -9.50583691458238     
   3.63035013125633      -7.758393526487660E-015  1.811126363583746E-015
   3.63035013125633      -3.656797087359109E-015   3.63035013125633     
   1.73649324548099      -0.352262503948977      -6.063735881374264E-019
  5.874911451246619E-019  1.301042606982605E-018 -5.636311043923618E-019
 -1.876306955691894E-019 -2.168404344971009E-019  2.357078601002644E-002
  1.066068538225698E-020 -1.769981254349110E-020 -1.084202172485504E-019
  6.481579080098015E-020  1.452568261704535E-019 -5.421010862427522E-020
   6.42324701716061      -1.378074594132477E-014  3.278388252022216E-015
  -9.50583691458238       1.021983660569773E-014 -2.366698473134340E-015
   6.42324701716061      -6.498274141009119E-015  1.022327934837188E-014
  -9.50583691458238       4.780897899792080E-015   6.42324701716061     
 -2.370468854162694E-015  4.778761724517953E-015  -9.50583691458238     
   3.63035013125633      -7.758393534257667E-015  1.804187476185261E-015
   3.63035013125633      -3.632510958695434E-015   3.63035013125633     
