   1.73650466210512      -0.352269319229402       9.317533982947892E-019
  7.135999124086280E-019 -4.336808689942018E-019  6.719496476127338E-019
  1.875880662235930E-019  2.168404344971009E-019  2.357140652075057E-002
  1.113132816078499E-019  1.770137999409539E-020  1.355252715606881E-020
 -3.771077815423772E-020 -1.452577743581811E-019  8.131516293641283E-020
   6.42330317944649      -1.377380849513507E-014  3.257571886764626E-015
  -9.50594583748592       1.019208258802152E-014 -2.366698822956314E-015
   6.42330317944649      -6.498274141009119E-015  1.023021844217406E-014
  -9.50594583748592       4.777428452840127E-015   6.42330317944649     
 -2.370469657015661E-015  4.764884876783441E-015  -9.50594583748592     
   3.63039440584014      -7.765333776875796E-015  1.811126676650335E-015
   3.63039440584014      -3.632510958695434E-015   3.63039440584014     
   1.73650466210512      -0.352269319229402       1.236650409209380E-018
  5.874421644010830E-019  1.301042606982605E-018 -4.551087219644436E-019
  6.797743395900179E-019 -2.168404344971009E-019  2.357140652075058E-002
 -2.892666154392209E-021 -1.770125336352682E-020 -1.355252715606881E-020
  3.771057044995509E-020  3.683742773973506E-020  2.710505431213761E-020
   6.42330317944649      -1.380850297379366E-014  3.271449681604521E-015
  -9.50594583748592       1.021289927811601E-014 -2.366698832597703E-015
   6.42330317944649      -6.491335247105212E-015  1.023021844768342E-014
  -9.50594583748592       4.780897899792080E-015   6.42330317944649     
 -2.370469663995927E-015  4.764884879765618E-015  -9.50594583748592     
   3.63039440584014      -7.751455997042985E-015  1.797248896427708E-015
   3.63039440584014      -3.674144322118877E-015   3.63039440584014     
