   1.73646509005083      -0.352245211405532       9.316179364204193E-019
  7.135450825349250E-019 -4.336808689942018E-019  6.720630355675157E-019
 -6.797264394686741E-019  1.951563910473908E-018  2.356938609976261E-002
 -1.065929655544368E-020  1.770031751358212E-020  0.000000000000000E+000
 -9.192121408786466E-020 -2.536772086375719E-019  8.131516293641283E-020
   6.42338643475507      -1.379462891106621E-014  3.271449284293675E-015
  -9.50612030737752       1.021290301282284E-014 -2.366698324870941E-015
   6.42338643475508      -6.449701883681769E-015  1.021634036974603E-014
  -9.50612030737752       4.767020111984266E-015   6.42338643475507     
 -2.370471674859926E-015  4.764886910112720E-015  -9.50612030737751     
   3.63048044089158      -7.772276328996157E-015  1.804187218506268E-015
   3.63048044089158      -3.660266534311063E-015   3.63048044089158     
   1.73646509005083      -0.352245211405532       1.236785859982804E-018
  5.874969854447408E-019  1.301042606982605E-018 -5.636423175069826E-019
 -1.876346232177647E-019 -2.168404344971009E-019  2.356938609976261E-002
 -1.113130418752316E-019 -1.770018227895198E-020 -1.355252715606881E-020
 -1.520244879149156E-019 -7.158357864010378E-020  5.421010862427522E-020
   6.42338643475507      -1.380156781389730E-014  3.278388185388303E-015
  -9.50612030737752       1.019902523319046E-014 -2.359759440693325E-015
   6.42338643475508      -6.463579671489583E-015  1.021634037530391E-014
  -9.50612030737752       4.780897899792080E-015   6.42338643475507     
 -2.363532789272190E-015  4.747539678000547E-015  -9.50612030737752     
   3.63048044089158      -7.772276336786540E-015  1.804187226234628E-015
   3.63048044089158      -3.646388746503249E-015   3.63048044089158     
