   405
     1    0.000000    0.000000   -0.828563       0.001372
     2   -0.103570    0.103570   -0.724992       0.001372
     3   -0.207141    0.207141   -0.621422       0.001372
     4   -0.310711    0.310711   -0.517852       0.001372
     5   -0.414281    0.414281   -0.414281       0.001372
     6   -0.517852    0.517852   -0.310711       0.001372
     7   -0.621422    0.621422   -0.207141       0.001372
     8   -0.724992    0.724992   -0.103570       0.001372
     9   -0.828563    0.828563    0.000000       0.001372
    10    0.103570   -0.103570   -0.724992       0.001372
    11   -0.000000    0.000000   -0.621422       0.001372
    12   -0.103570    0.103570   -0.517852       0.001372
    13   -0.207141    0.207141   -0.414281       0.001372
    14   -0.310711    0.310711   -0.310711       0.001372
    15   -0.414281    0.414281   -0.207141       0.001372
    16   -0.517852    0.517852   -0.103570       0.001372
    17   -0.621422    0.621422   -0.000000       0.001372
    18   -0.724992    0.724992    0.103570       0.001372
    19    0.207141   -0.207141   -0.621422       0.001372
    20    0.103570   -0.103570   -0.517852       0.001372
    21    0.000000    0.000000   -0.414281       0.001372
    22   -0.103570    0.103570   -0.310711       0.001372
    23   -0.207141    0.207141   -0.207141       0.001372
    24   -0.310711    0.310711   -0.103570       0.001372
    25   -0.414281    0.414281    0.000000       0.001372
    26   -0.517852    0.517852    0.103570       0.001372
    27   -0.621422    0.621422    0.207141       0.001372
    28    0.310711   -0.310711   -0.517852       0.001372
    29    0.207141   -0.207141   -0.414281       0.001372
    30    0.103570   -0.103570   -0.310711       0.001372
    31    0.000000    0.000000   -0.207141       0.001372
    32   -0.103570    0.103570   -0.103570       0.001372
    33   -0.207141    0.207141    0.000000       0.001372
    34   -0.310711    0.310711    0.103570       0.001372
    35   -0.414281    0.414281    0.207141       0.001372
    36   -0.517852    0.517852    0.310711       0.001372
    37    0.414281   -0.414281   -0.414281       0.001372
    38    0.310711   -0.310711   -0.310711       0.001372
    39    0.207141   -0.207141   -0.207141       0.001372
    40    0.103570   -0.103570   -0.103570       0.001372
    41    0.000000    0.000000    0.000000       0.001372
    42   -0.103570    0.103570    0.103570       0.001372
    43   -0.207141    0.207141    0.207141       0.001372
    44   -0.310711    0.310711    0.310711       0.001372
    45   -0.414281    0.414281    0.414281       0.001372
    46    0.517852   -0.517852   -0.310711       0.001372
    47    0.414281   -0.414281   -0.207141       0.001372
    48    0.310711   -0.310711   -0.103570       0.001372
    49    0.207141   -0.207141    0.000000       0.001372
    50    0.103570   -0.103570    0.103570       0.001372
    51    0.000000    0.000000    0.207141       0.001372
    52   -0.103570    0.103570    0.310711       0.001372
    53   -0.207141    0.207141    0.414281       0.001372
    54   -0.310711    0.310711    0.517852       0.001372
    55    0.621422   -0.621422   -0.207141       0.001372
    56    0.517852   -0.517852   -0.103570       0.001372
    57    0.414281   -0.414281    0.000000       0.001372
    58    0.310711   -0.310711    0.103570       0.001372
    59    0.207141   -0.207141    0.207141       0.001372
    60    0.103570   -0.103570    0.310711       0.001372
    61    0.000000    0.000000    0.414281       0.001372
    62   -0.103570    0.103570    0.517852       0.001372
    63   -0.207141    0.207141    0.621422       0.001372
    64    0.724992   -0.724992   -0.103570       0.001372
    65    0.621422   -0.621422    0.000000       0.001372
    66    0.517852   -0.517852    0.103570       0.001372
    67    0.414281   -0.414281    0.207141       0.001372
    68    0.310711   -0.310711    0.310711       0.001372
    69    0.207141   -0.207141    0.414281       0.001372
    70    0.103570   -0.103570    0.517852       0.001372
    71    0.000000   -0.000000    0.621422       0.001372
    72   -0.103570    0.103570    0.724992       0.001372
    73    0.828563   -0.828563    0.000000       0.001372
    74    0.724992   -0.724992    0.103570       0.001372
    75    0.621422   -0.621422    0.207141       0.001372
    76    0.517852   -0.517852    0.310711       0.001372
    77    0.414281   -0.414281    0.414281       0.001372
    78    0.310711   -0.310711    0.517852       0.001372
    79    0.207141   -0.207141    0.621422       0.001372
    80    0.103570   -0.103570    0.724992       0.001372
    81    0.000000    0.000000    0.828563       0.001372
    82    0.103570    0.103570   -0.932133       0.002743
    83    0.000000    0.207141   -0.828563       0.002743
    84   -0.103570    0.310711   -0.724992       0.002743
    85   -0.207141    0.414281   -0.621422       0.002743
    86   -0.310711    0.517852   -0.517852       0.002743
    87   -0.414281    0.621422   -0.414281       0.002743
    88   -0.517852    0.724992   -0.310711       0.002743
    89   -0.621422    0.828563   -0.207141       0.002743
    90   -0.724992    0.932133   -0.103570       0.002743
    91    0.207141    0.000000   -0.828563       0.002743
    92    0.103570    0.103570   -0.724992       0.002743
    93   -0.000000    0.207141   -0.621422       0.002743
    94   -0.103570    0.310711   -0.517852       0.002743
    95   -0.207141    0.414281   -0.414281       0.002743
    96   -0.310711    0.517852   -0.310711       0.002743
    97   -0.414281    0.621422   -0.207141       0.002743
    98   -0.517852    0.724992   -0.103570       0.002743
    99   -0.621422    0.828563   -0.000000       0.002743
   100    0.310711   -0.103570   -0.724992       0.002743
   101    0.207141    0.000000   -0.621422       0.002743
   102    0.103570    0.103570   -0.517852       0.002743
   103    0.000000    0.207141   -0.414281       0.002743
   104   -0.103570    0.310711   -0.310711       0.002743
   105   -0.207141    0.414281   -0.207141       0.002743
   106   -0.310711    0.517852   -0.103570       0.002743
   107   -0.414281    0.621422    0.000000       0.002743
   108   -0.517852    0.724992    0.103570       0.002743
   109    0.414281   -0.207141   -0.621422       0.002743
   110    0.310711   -0.103570   -0.517852       0.002743
   111    0.207141    0.000000   -0.414281       0.002743
   112    0.103570    0.103570   -0.310711       0.002743
   113    0.000000    0.207141   -0.207141       0.002743
   114   -0.103570    0.310711   -0.103570       0.002743
   115   -0.207141    0.414281    0.000000       0.002743
   116   -0.310711    0.517852    0.103570       0.002743
   117   -0.414281    0.621422    0.207141       0.002743
   118    0.517852   -0.310711   -0.517852       0.002743
   119    0.414281   -0.207141   -0.414281       0.002743
   120    0.310711   -0.103570   -0.310711       0.002743
   121    0.207141    0.000000   -0.207141       0.002743
   122    0.103570    0.103570   -0.103570       0.002743
   123    0.000000    0.207141    0.000000       0.002743
   124   -0.103570    0.310711    0.103570       0.002743
   125   -0.207141    0.414281    0.207141       0.002743
   126   -0.310711    0.517852    0.310711       0.002743
   127    0.621422   -0.414281   -0.414281       0.002743
   128    0.517852   -0.310711   -0.310711       0.002743
   129    0.414281   -0.207141   -0.207141       0.002743
   130    0.310711   -0.103570   -0.103570       0.002743
   131    0.207141    0.000000    0.000000       0.002743
   132    0.103570    0.103570    0.103570       0.002743
   133    0.000000    0.207141    0.207141       0.002743
   134   -0.103570    0.310711    0.310711       0.002743
   135   -0.207141    0.414281    0.414281       0.002743
   136    0.724992   -0.517852   -0.310711       0.002743
   137    0.621422   -0.414281   -0.207141       0.002743
   138    0.517852   -0.310711   -0.103570       0.002743
   139    0.414281   -0.207141    0.000000       0.002743
   140    0.310711   -0.103570    0.103570       0.002743
   141    0.207141    0.000000    0.207141       0.002743
   142    0.103570    0.103570    0.310711       0.002743
   143    0.000000    0.207141    0.414281       0.002743
   144   -0.103570    0.310711    0.517852       0.002743
   145    0.828563   -0.621422   -0.207141       0.002743
   146    0.724992   -0.517852   -0.103570       0.002743
   147    0.621422   -0.414281    0.000000       0.002743
   148    0.517852   -0.310711    0.103570       0.002743
   149    0.414281   -0.207141    0.207141       0.002743
   150    0.310711   -0.103570    0.310711       0.002743
   151    0.207141   -0.000000    0.414281       0.002743
   152    0.103570    0.103570    0.517852       0.002743
   153    0.000000    0.207141    0.621422       0.002743
   154    0.932133   -0.724992   -0.103570       0.002743
   155    0.828563   -0.621422    0.000000       0.002743
   156    0.724992   -0.517852    0.103570       0.002743
   157    0.621422   -0.414281    0.207141       0.002743
   158    0.517852   -0.310711    0.310711       0.002743
   159    0.414281   -0.207141    0.414281       0.002743
   160    0.310711   -0.103570    0.517852       0.002743
   161    0.207141    0.000000    0.621422       0.002743
   162    0.103570    0.103570    0.724992       0.002743
   163    0.207141    0.207141   -1.035703       0.002743
   164    0.103570    0.310711   -0.932133       0.002743
   165    0.000000    0.414281   -0.828563       0.002743
   166   -0.103570    0.517852   -0.724992       0.002743
   167   -0.207141    0.621422   -0.621422       0.002743
   168   -0.310711    0.724992   -0.517852       0.002743
   169   -0.414281    0.828563   -0.414281       0.002743
   170   -0.517852    0.932133   -0.310711       0.002743
   171   -0.621422    1.035703   -0.207141       0.002743
   172    0.310711    0.103570   -0.932133       0.002743
   173    0.207141    0.207141   -0.828563       0.002743
   174    0.103570    0.310711   -0.724992       0.002743
   175   -0.000000    0.414281   -0.621422       0.002743
   176   -0.103570    0.517852   -0.517852       0.002743
   177   -0.207141    0.621422   -0.414281       0.002743
   178   -0.310711    0.724992   -0.310711       0.002743
   179   -0.414281    0.828563   -0.207141       0.002743
   180   -0.517852    0.932133   -0.103570       0.002743
   181    0.414281    0.000000   -0.828563       0.002743
   182    0.310711    0.103570   -0.724992       0.002743
   183    0.207141    0.207141   -0.621422       0.002743
   184    0.103570    0.310711   -0.517852       0.002743
   185    0.000000    0.414281   -0.414281       0.002743
   186   -0.103570    0.517852   -0.310711       0.002743
   187   -0.207141    0.621422   -0.207141       0.002743
   188   -0.310711    0.724992   -0.103570       0.002743
   189   -0.414281    0.828563    0.000000       0.002743
   190    0.517852   -0.103570   -0.724992       0.002743
   191    0.414281    0.000000   -0.621422       0.002743
   192    0.310711    0.103570   -0.517852       0.002743
   193    0.207141    0.207141   -0.414281       0.002743
   194    0.103570    0.310711   -0.310711       0.002743
   195    0.000000    0.414281   -0.207141       0.002743
   196   -0.103570    0.517852   -0.103570       0.002743
   197   -0.207141    0.621422    0.000000       0.002743
   198   -0.310711    0.724992    0.103570       0.002743
   199    0.621422   -0.207141   -0.621422       0.002743
   200    0.517852   -0.103570   -0.517852       0.002743
   201    0.414281    0.000000   -0.414281       0.002743
   202    0.310711    0.103570   -0.310711       0.002743
   203    0.207141    0.207141   -0.207141       0.002743
   204    0.103570    0.310711   -0.103570       0.002743
   205    0.000000    0.414281    0.000000       0.002743
   206   -0.103570    0.517852    0.103570       0.002743
   207   -0.207141    0.621422    0.207141       0.002743
   208    0.724992   -0.310711   -0.517852       0.002743
   209    0.621422   -0.207141   -0.414281       0.002743
   210    0.517852   -0.103570   -0.310711       0.002743
   211    0.414281    0.000000   -0.207141       0.002743
   212    0.310711    0.103570   -0.103570       0.002743
   213    0.207141    0.207141    0.000000       0.002743
   214    0.103570    0.310711    0.103570       0.002743
   215    0.000000    0.414281    0.207141       0.002743
   216   -0.103570    0.517852    0.310711       0.002743
   217    0.828563   -0.414281   -0.414281       0.002743
   218    0.724992   -0.310711   -0.310711       0.002743
   219    0.621422   -0.207141   -0.207141       0.002743
   220    0.517852   -0.103570   -0.103570       0.002743
   221    0.414281    0.000000    0.000000       0.002743
   222    0.310711    0.103570    0.103570       0.002743
   223    0.207141    0.207141    0.207141       0.002743
   224    0.103570    0.310711    0.310711       0.002743
   225    0.000000    0.414281    0.414281       0.002743
   226    0.932133   -0.517852   -0.310711       0.002743
   227    0.828563   -0.414281   -0.207141       0.002743
   228    0.724992   -0.310711   -0.103570       0.002743
   229    0.621422   -0.207141    0.000000       0.002743
   230    0.517852   -0.103570    0.103570       0.002743
   231    0.414281   -0.000000    0.207141       0.002743
   232    0.310711    0.103570    0.310711       0.002743
   233    0.207141    0.207141    0.414281       0.002743
   234    0.103570    0.310711    0.517852       0.002743
   235    1.035703   -0.621422   -0.207141       0.002743
   236    0.932133   -0.517852   -0.103570       0.002743
   237    0.828563   -0.414281    0.000000       0.002743
   238    0.724992   -0.310711    0.103570       0.002743
   239    0.621422   -0.207141    0.207141       0.002743
   240    0.517852   -0.103570    0.310711       0.002743
   241    0.414281    0.000000    0.414281       0.002743
   242    0.310711    0.103570    0.517852       0.002743
   243    0.207141    0.207141    0.621422       0.002743
   244    0.310711    0.310711   -1.139274       0.002743
   245    0.207141    0.414281   -1.035703       0.002743
   246    0.103570    0.517852   -0.932133       0.002743
   247   -0.000000    0.621422   -0.828563       0.002743
   248   -0.103570    0.724992   -0.724992       0.002743
   249   -0.207141    0.828563   -0.621422       0.002743
   250   -0.310711    0.932133   -0.517852       0.002743
   251   -0.414281    1.035703   -0.414281       0.002743
   252   -0.517852    1.139274   -0.310711       0.002743
   253    0.414281    0.207141   -1.035703       0.002743
   254    0.310711    0.310711   -0.932133       0.002743
   255    0.207141    0.414281   -0.828563       0.002743
   256    0.103570    0.517852   -0.724992       0.002743
   257   -0.000000    0.621422   -0.621422       0.002743
   258   -0.103570    0.724992   -0.517852       0.002743
   259   -0.207141    0.828563   -0.414281       0.002743
   260   -0.310711    0.932133   -0.310711       0.002743
   261   -0.414281    1.035703   -0.207141       0.002743
   262    0.517852    0.103570   -0.932133       0.002743
   263    0.414281    0.207141   -0.828563       0.002743
   264    0.310711    0.310711   -0.724992       0.002743
   265    0.207141    0.414281   -0.621422       0.002743
   266    0.103570    0.517852   -0.517852       0.002743
   267   -0.000000    0.621422   -0.414281       0.002743
   268   -0.103570    0.724992   -0.310711       0.002743
   269   -0.207141    0.828563   -0.207141       0.002743
   270   -0.310711    0.932133   -0.103570       0.002743
   271    0.621422   -0.000000   -0.828563       0.002743
   272    0.517852    0.103570   -0.724992       0.002743
   273    0.414281    0.207141   -0.621422       0.002743
   274    0.310711    0.310711   -0.517852       0.002743
   275    0.207141    0.414281   -0.414281       0.002743
   276    0.103570    0.517852   -0.310711       0.002743
   277   -0.000000    0.621422   -0.207141       0.002743
   278   -0.103570    0.724992   -0.103570       0.002743
   279   -0.207141    0.828563    0.000000       0.002743
   280    0.724992   -0.103570   -0.724992       0.002743
   281    0.621422   -0.000000   -0.621422       0.002743
   282    0.517852    0.103570   -0.517852       0.002743
   283    0.414281    0.207141   -0.414281       0.002743
   284    0.310711    0.310711   -0.310711       0.002743
   285    0.207141    0.414281   -0.207141       0.002743
   286    0.103570    0.517852   -0.103570       0.002743
   287   -0.000000    0.621422    0.000000       0.002743
   288   -0.103570    0.724992    0.103570       0.002743
   289    0.828563   -0.207141   -0.621422       0.002743
   290    0.724992   -0.103570   -0.517852       0.002743
   291    0.621422   -0.000000   -0.414281       0.002743
   292    0.517852    0.103570   -0.310711       0.002743
   293    0.414281    0.207141   -0.207141       0.002743
   294    0.310711    0.310711   -0.103570       0.002743
   295    0.207141    0.414281    0.000000       0.002743
   296    0.103570    0.517852    0.103570       0.002743
   297   -0.000000    0.621422    0.207141       0.002743
   298    0.932133   -0.310711   -0.517852       0.002743
   299    0.828563   -0.207141   -0.414281       0.002743
   300    0.724992   -0.103570   -0.310711       0.002743
   301    0.621422   -0.000000   -0.207141       0.002743
   302    0.517852    0.103570   -0.103570       0.002743
   303    0.414281    0.207141    0.000000       0.002743
   304    0.310711    0.310711    0.103570       0.002743
   305    0.207141    0.414281    0.207141       0.002743
   306    0.103570    0.517852    0.310711       0.002743
   307    1.035703   -0.414281   -0.414281       0.002743
   308    0.932133   -0.310711   -0.310711       0.002743
   309    0.828563   -0.207141   -0.207141       0.002743
   310    0.724992   -0.103570   -0.103570       0.002743
   311    0.621422   -0.000000    0.000000       0.002743
   312    0.517852    0.103570    0.103570       0.002743
   313    0.414281    0.207141    0.207141       0.002743
   314    0.310711    0.310711    0.310711       0.002743
   315    0.207141    0.414281    0.414281       0.002743
   316    1.139274   -0.517852   -0.310711       0.002743
   317    1.035703   -0.414281   -0.207141       0.002743
   318    0.932133   -0.310711   -0.103570       0.002743
   319    0.828563   -0.207141    0.000000       0.002743
   320    0.724992   -0.103570    0.103570       0.002743
   321    0.621422   -0.000000    0.207141       0.002743
   322    0.517852    0.103570    0.310711       0.002743
   323    0.414281    0.207141    0.414281       0.002743
   324    0.310711    0.310711    0.517852       0.002743
   325    0.414281    0.414281   -1.242844       0.002743
   326    0.310711    0.517852   -1.139274       0.002743
   327    0.207141    0.621422   -1.035703       0.002743
   328    0.103570    0.724992   -0.932133       0.002743
   329    0.000000    0.828563   -0.828563       0.002743
   330   -0.103570    0.932133   -0.724992       0.002743
   331   -0.207141    1.035703   -0.621422       0.002743
   332   -0.310711    1.139274   -0.517852       0.002743
   333   -0.414281    1.242844   -0.414281       0.002743
   334    0.517852    0.310711   -1.139274       0.002743
   335    0.414281    0.414281   -1.035703       0.002743
   336    0.310711    0.517852   -0.932133       0.002743
   337    0.207141    0.621422   -0.828563       0.002743
   338    0.103570    0.724992   -0.724992       0.002743
   339    0.000000    0.828563   -0.621422       0.002743
   340   -0.103570    0.932133   -0.517852       0.002743
   341   -0.207141    1.035703   -0.414281       0.002743
   342   -0.310711    1.139274   -0.310711       0.002743
   343    0.621422    0.207141   -1.035703       0.002743
   344    0.517852    0.310711   -0.932133       0.002743
   345    0.414281    0.414281   -0.828563       0.002743
   346    0.310711    0.517852   -0.724992       0.002743
   347    0.207141    0.621422   -0.621422       0.002743
   348    0.103570    0.724992   -0.517852       0.002743
   349    0.000000    0.828563   -0.414281       0.002743
   350   -0.103570    0.932133   -0.310711       0.002743
   351   -0.207141    1.035703   -0.207141       0.002743
   352    0.724992    0.103570   -0.932133       0.002743
   353    0.621422    0.207141   -0.828563       0.002743
   354    0.517852    0.310711   -0.724992       0.002743
   355    0.414281    0.414281   -0.621422       0.002743
   356    0.310711    0.517852   -0.517852       0.002743
   357    0.207141    0.621422   -0.414281       0.002743
   358    0.103570    0.724992   -0.310711       0.002743
   359    0.000000    0.828563   -0.207141       0.002743
   360   -0.103570    0.932133   -0.103570       0.002743
   361    0.828563    0.000000   -0.828563       0.002743
   362    0.724992    0.103570   -0.724992       0.002743
   363    0.621422    0.207141   -0.621422       0.002743
   364    0.517852    0.310711   -0.517852       0.002743
   365    0.414281    0.414281   -0.414281       0.002743
   366    0.310711    0.517852   -0.310711       0.002743
   367    0.207141    0.621422   -0.207141       0.002743
   368    0.103570    0.724992   -0.103570       0.002743
   369    0.000000    0.828563    0.000000       0.002743
   370    0.932133   -0.103570   -0.724992       0.002743
   371    0.828563    0.000000   -0.621422       0.002743
   372    0.724992    0.103570   -0.517852       0.002743
   373    0.621422    0.207141   -0.414281       0.002743
   374    0.517852    0.310711   -0.310711       0.002743
   375    0.414281    0.414281   -0.207141       0.002743
   376    0.310711    0.517852   -0.103570       0.002743
   377    0.207141    0.621422    0.000000       0.002743
   378    0.103570    0.724992    0.103570       0.002743
   379    1.035703   -0.207141   -0.621422       0.002743
   380    0.932133   -0.103570   -0.517852       0.002743
   381    0.828563    0.000000   -0.414281       0.002743
   382    0.724992    0.103570   -0.310711       0.002743
   383    0.621422    0.207141   -0.207141       0.002743
   384    0.517852    0.310711   -0.103570       0.002743
   385    0.414281    0.414281    0.000000       0.002743
   386    0.310711    0.517852    0.103570       0.002743
   387    0.207141    0.621422    0.207141       0.002743
   388    1.139274   -0.310711   -0.517852       0.002743
   389    1.035703   -0.207141   -0.414281       0.002743
   390    0.932133   -0.103570   -0.310711       0.002743
   391    0.828563    0.000000   -0.207141       0.002743
   392    0.724992    0.103570   -0.103570       0.002743
   393    0.621422    0.207141    0.000000       0.002743
   394    0.517852    0.310711    0.103570       0.002743
   395    0.414281    0.414281    0.207141       0.002743
   396    0.310711    0.517852    0.310711       0.002743
   397    1.242844   -0.414281   -0.414281       0.002743
   398    1.139274   -0.310711   -0.310711       0.002743
   399    1.035703   -0.207141   -0.207141       0.002743
   400    0.932133   -0.103570   -0.103570       0.002743
   401    0.828563    0.000000    0.000000       0.002743
   402    0.724992    0.103570    0.103570       0.002743
   403    0.621422    0.207141    0.207141       0.002743
   404    0.517852    0.310711    0.310711       0.002743
   405    0.414281    0.414281    0.414281       0.002743
