   1.73626335440246      -0.352099736349947       1.695043468674147E-019
  2.799329256502277E-019 -1.301042606982605E-018  1.540729440354034E-018
  1.875575321947389E-019  8.673617379884035E-019  2.355684520462889E-002
 -1.115680662917804E-020 -3.647601696509913E-020  1.084202172485504E-019
  1.659030756299224E-020 -1.995901145495707E-019 -2.710505431213761E-020
   6.42427875659251      -1.382257289123546E-014  3.292303878174195E-015
  -9.50785989477212       1.017147816142498E-014 -2.359796173029136E-015
   6.42427875659251      -6.428885201970047E-015  1.018860578959446E-014
  -9.50785989477212       4.787836793695988E-015   6.42427875659251     
 -2.377291519966552E-015  4.761709160498397E-015  -9.50785989477211     
   3.63128811284004      -7.772495304808614E-015  1.804238310650094E-015
   3.63128811284004      -3.660266534311063E-015   3.63128811284004     
   1.73626335440246      -0.352099736349947      -6.108577018001802E-020
  5.874284409146021E-019  1.301042606982605E-018 -1.432307127491616E-018
 -1.875570439709162E-019  0.000000000000000E+000  2.355684520462889E-002
  1.115759146318699E-020  3.647616173496787E-020 -1.084202172485504E-019
 -1.659098983945832E-020  1.453798633272379E-019  2.710505431213761E-020
   6.42427875659251      -1.380175622817195E-014  3.292303894383117E-015
  -9.50785989477212       1.017841707354595E-014 -2.359796187348494E-015
   6.42427875659251      -6.442762989777862E-015  1.019554469168086E-014
  -9.50785989477212       4.787836793695988E-015   6.42427875659250     
 -2.377291512928873E-015  4.747831385510848E-015  -9.50785989477212     
   3.63128811284004      -7.779434215044228E-015  1.797299430793146E-015
   3.63128811284004      -3.632510958695434E-015   3.63128811284004     
