   1.73297402672432      -0.353474763166759       7.389224363138260E-019
  1.132744228614491E-018  2.168404344971009E-018  1.394284377720297E-018
 -2.316663217573396E-019  4.336808689942018E-019  2.354979295427845E-002
 -1.680522293004725E-019 -3.751269387103859E-020  1.490777987167569E-019
  1.135095659285031E-019  2.042920340044353E-020  0.000000000000000E+000
   6.43054052882654      -1.384049168645057E-014  3.306467767665932E-015
  -9.51580391438966       1.023486014247022E-014 -2.387868549229587E-015
   6.43054052882654      -6.453171330633722E-015  1.026511465144305E-014
  -9.51580391438966       4.773959005888173E-015   6.43054052882654     
 -2.380527606337466E-015  4.776387686461730E-015  -9.51580391438966     
   3.63551248588262      -7.766363420654926E-015  1.811597570512077E-015
   3.63551248588262      -3.656797087359109E-015   3.63551248588262     
   1.73297402672432      -0.353474763166759       2.368611014497901E-019
 -2.653822336124048E-019 -6.505213034913027E-019 -1.285866008592961E-018
 -6.356958492611624E-019 -1.301042606982605E-018  2.354979295427845E-002
  1.138417439569990E-019 -7.090746726757135E-020 -1.490777987167569E-019
 -3.219412591893346E-020  3.378090112785199E-020 -1.355252715606881E-019
   6.43054052882654      -1.381273612242161E-014  3.313406676582059E-015
  -9.51580391438966       1.024873794292528E-014 -2.380929667442145E-015
   6.43054052882654      -6.467049118441537E-015  1.025123687055893E-014
  -9.51580391438967       4.767020111984266E-015   6.43054052882654     
 -2.394405396599848E-015  4.776387697447913E-015  -9.51580391438966     
   3.63551248588262      -7.766363432391239E-015  1.811597585576578E-015
   3.63551248588262      -3.656797087359109E-015   3.63551248588262     
