   1.73050025006728      -0.345638994097820      -7.055480554696279E-019
 -1.586633576359870E-019 -1.301042606982605E-018  1.771631749402038E-018
  6.280394211112473E-019  1.517883041479706E-018  2.295733942457055E-002
  7.280237583893455E-020  1.605248236579370E-020  1.490777987167569E-019
 -1.146207515229177E-019  1.893084690779128E-020  5.421010862427522E-020
   6.15775297541475      -1.324933503350781E-014  3.175216774704214E-015
  -8.96776334762456       9.597857540355938E-015 -2.284498576911295E-015
   6.15775297541475      -6.192962809237201E-015  9.613266302327381E-015
  -8.96776334762456       4.499872696683838E-015   6.15775297541475     
 -2.301969391615677E-015  4.491317374545278E-015  -8.96776334762455     
   3.37715201797535      -7.199184965418519E-015  1.666675078936931E-015
   3.37715201797535      -3.445160823289939E-015   3.37715201797535     
   1.73050025006728      -0.345638994097820       5.502748241367169E-020
  1.586650244801109E-019  1.301042606982605E-018 -7.958510913153240E-019
  2.393203215746161E-019  2.168404344971009E-019  2.295733942457056E-002
 -7.280093095026358E-020 -1.605233166531887E-020 -1.490777987167569E-019
  6.199379583357746E-021 -1.893102654616326E-020 -5.421010862427522E-020
   6.15775297541475      -1.324933497130089E-014  3.168277846715530E-015
  -8.96776334762455       9.604796376240295E-015 -2.263681864071957E-015
   6.15775297541475      -6.179085021429387E-015  9.620205178444078E-015
  -8.96776334762456       4.510281037539698E-015   6.15775297541475     
 -2.301969388273135E-015  4.505195093324321E-015  -8.96776334762456     
   3.37715201797535      -7.199184917755516E-015  1.680552833532260E-015
   3.37715201797535      -3.417405247674310E-015   3.37715201797535     
