   1.84930629115505      -0.543743316698022       4.842898363371080E-003
  4.842897388667705E-003 -4.842903042350972E-003 -4.278362887793584E-003
 -4.278361108679405E-003  4.278368393341122E-003  4.459601060813215E-002
 -8.786818266449043E-004 -8.786818767891316E-004  8.786828949491678E-004
  7.696905000348891E-004  7.696904811858016E-004 -7.696914393512487E-004
   7.06707961203507      -1.997862738078415E-002  1.997864732031367E-002
  -10.8331573415219       1.795266703820523E-002 -1.795268542591114E-002
   7.06707962287344       1.997862878651315E-002  1.795266782969684E-002
  -10.8331573653762      -1.795266539940169E-002   7.06707963423792     
 -1.795269203309719E-002 -1.795267568590866E-002  -10.8331573887997     
   4.24520821336607      -1.561189843073350E-002  1.561192084286586E-002
   4.24520822553264       1.561190413465800E-002   4.24520823702009     
   1.84930768906884      -0.543742358516307      -4.838057092544840E-003
 -4.838058331322792E-003  4.838063928837992E-003  4.272681231699426E-003
  4.272681920848171E-003 -4.272690718224055E-003  4.459582221681861E-002
  8.713144077367611E-004  8.713168636368607E-004 -8.713168108477400E-004
 -7.640377842453309E-004 -7.640395926077085E-004  7.640402104440891E-004
   7.06707562239196      -1.996762813158651E-002  1.996765518340937E-002
  -10.8331453608190       1.793648507325103E-002 -1.793651220564198E-002
   7.06707564066669       1.996762817495609E-002  1.793648816047751E-002
  -10.8331454023507      -1.793648246655360E-002   7.06707565345573     
 -1.793652051025917E-002 -1.793649257509289E-002  -10.8331454292866     
   4.24520232674219      -1.559440788067122E-002  1.559443749526506E-002
   4.24520234818580       1.559441079352386E-002   4.24520236109166     
