   1.73047329729929      -0.345812047538747       1.506696349507237E-019
  2.706679178769677E-019 -6.505213034913027E-019  2.110902406708546E-018
  1.067148428398022E-018  6.505213034913027E-019  2.296653776859583E-002
  6.822958239007064E-020  1.695044186633604E-020  2.710505431213761E-020
  1.830779797057852E-020 -3.073489906618716E-019 -5.421010862427522E-020
   5.99299795963895      -1.284781266828763E-014  3.099005835848371E-015
  -8.64239652644027       9.293444543948838E-015 -2.159804687385018E-015
   5.99299795963895      -6.036837696399289E-015  9.280317223936435E-015
  -8.64239652644028       4.309053114326389E-015   5.99299795963895     
 -2.173802901631020E-015  4.276343549791560E-015  -8.64239652644027     
   3.23084016213382      -6.943770306344241E-015  1.604554561187387E-015
   3.23084016213382      -3.212707877509047E-015   3.23084016213382     
   1.73047329729929      -0.345812047538747       4.998548178468641E-019
  1.897739950866463E-018  2.385244779468110E-018 -2.436169398798406E-018
  2.338892322013132E-019  1.301042606982605E-018  2.296653776859583E-002
 -7.500357661095044E-020  3.725962026863685E-020 -2.710505431213761E-020
 -1.830889245111518E-020  3.073492947750682E-019  5.421010862427522E-020
   5.99299795963895      -1.285475155843371E-014  3.099005875444037E-015
  -8.64239652644027       9.307322329170744E-015 -2.159804714770332E-015
   5.99299795963895      -6.043776590303196E-015  9.252561663969557E-015
  -8.64239652644027       4.322930902134203E-015   5.99299795963895     
 -2.187680636931341E-015  4.307568596363336E-015  -8.64239652644027     
   3.23084016213382      -6.922953621647659E-015  1.604554610926503E-015
   3.23084016213382      -3.209238430557093E-015   3.23084016213382     
