   1.78641148821938      -0.393379768324901      -7.340301838555954E-021
  2.067563459571041E-018  2.818925648462312E-018 -4.708238544041733E-019
  3.859270803469889E-019 -2.168404344971009E-019  2.650521159983260E-002
 -3.910946155796110E-021  2.136130479277716E-020  0.000000000000000E+000
 -3.013372454908341E-020 -1.563351111005291E-020  1.355252715606881E-020
   5.03047365506749      -1.081799010719676E-014  2.548848364593619E-015
  -6.80527632489781       7.264702649480430E-015 -1.741998342332311E-015
   5.03047365506749      -5.041106421188601E-015  7.288013124476047E-015
  -6.80527632489781       3.448630270241893E-015   5.03047365506749     
 -1.734133830225684E-015  3.402897595775479E-015  -6.80527632489781     
   2.47328846219990      -5.280405814557653E-015  1.208623587220939E-015
   2.47328846219990      -2.498001805406602E-015   2.47328846219990     
   1.78641148821938      -0.393379768324901      -8.600243700569381E-019
 -7.665218008341989E-019 -1.084202172485504E-018 -9.386344217073535E-019
 -1.470127683845077E-018  2.168404344971009E-019  2.650521159983260E-002
  3.910611144786889E-021 -1.458530659763159E-020  0.000000000000000E+000
  4.368642612644014E-020  1.563363377333810E-020 -1.355252715606881E-020
   5.03047365506749      -1.081105120602175E-014  2.548848375242116E-015
  -6.80527632489781       7.285519323674712E-015 -1.741998354502253E-015
   5.03047365506749      -5.034167527284694E-015  7.288013131430300E-015
  -6.80527632489781       3.406996906818449E-015   5.03047365506749     
 -1.741072705123705E-015  3.371672561684696E-015  -6.80527632489781     
   2.47328846219990      -5.266528022307542E-015  1.201684707900417E-015
   2.47328846219990      -2.466776782839020E-015   2.47328846219990     
