   1.73625757585316      -0.352026721491211      -6.890726722915593E-019
 -1.537827963824691E-019 -1.517883041479706E-018  5.588473471809404E-019
  1.874244796386523E-019  2.168404344971009E-019  2.355074037890792E-002
  8.437814773972552E-020  1.766529407668631E-020  2.710505431213761E-020
 -6.487650714514814E-020 -3.675981574497767E-020 -1.355252715606881E-019
   6.42392662510035      -1.379463553774426E-014  3.271472846566201E-015
  -9.50719655842376       1.019209933709768E-014 -2.387544372636067E-015
   6.42392662510035      -6.456640777585676E-015  1.024411272596360E-014
  -9.50719655842377       4.791306240647941E-015   6.42392662510035     
 -2.356792568999642E-015  4.754386358943878E-015  -9.50719655842377     
   3.63096154088511      -7.765348921613532E-015  1.790327612620583E-015
   3.63096154088511      -3.632510958695434E-015   3.63096154088511     
   1.73625757585316      -0.352026721491211       7.974930830445336E-019
  5.874635890638279E-019  1.301042606982605E-018 -6.672678812616327E-019
 -6.211052632464405E-019 -2.168404344971009E-019  2.355074037890791E-002
  2.404223433873484E-020 -1.766527935602561E-020 -1.355252715606881E-019
  1.461915733355542E-019  1.451800092790418E-019 -1.084202172485504E-019
   6.42392662510035      -1.380157444046561E-014  3.285350629269996E-015
  -9.50719655842377       1.020597713442727E-014 -2.366727684614631E-015
   6.42392662510035      -6.463579671489583E-015  1.020247935893461E-014
  -9.50719655842377       4.794775687599895E-015   6.42392662510035     
 -2.363731457399176E-015  4.775203048525022E-015  -9.50719655842377     
   3.63096154088511      -7.765348930723172E-015  1.811144289190596E-015
   3.63096154088511      -3.629041511743480E-015   3.63096154088511     
