   1.73047716257845      -0.345728321766084       1.529880886792087E-019
  7.047793652696283E-019 -6.505213034913027E-019  8.069323668301774E-019
  6.329281284545107E-019 -2.168404344971009E-019  2.295927318365192E-002
  8.149156038223011E-020  1.691417472749103E-020  1.355252715606881E-019
 -6.265336556924785E-020 -1.988705490289952E-019 -2.710505431213761E-020
   6.05674510314833      -1.300959477172485E-014  3.161451971532775E-015
  -8.76719141092819       9.406648361136039E-015 -2.180581470885433E-015
   6.05674510314833      -6.078471059822732E-015  9.398255621324969E-015
  -8.76719141092820       4.406197628981090E-015   6.05674510314833     
 -2.230551381237119E-015  4.381635633599358E-015  -8.76719141092819     
   3.28604899591669      -7.070667669835913E-015  1.618351210154724E-015
   3.28604899591669      -3.327199626923516E-015   3.28604899591669     
   1.73047716257845      -0.345728321766085       1.256467978522823E-018
  1.897302587738380E-018  2.168404344971009E-018 -8.069241957885010E-019
 -6.329242791195256E-019  2.168404344971009E-019  2.295927318365193E-002
 -8.826645517737593E-020  3.729696284650212E-020 -2.710505431213761E-020
 -1.270829401120544E-019  3.072900187435699E-019  5.421010862427522E-020
   6.05674510314833      -1.300959465168346E-014  3.161451937168255E-015
  -8.76719141092819       9.413587134802961E-015 -2.180581458235498E-015
   6.05674510314833      -6.085409953726639E-015  9.384377826288620E-015
  -8.76719141092820       4.416605969836951E-015   6.05674510314833     
 -2.230551322034675E-015  4.381635552491119E-015  -8.76719141092820     
   3.28604899591669      -7.070667562534523E-015  1.618351199586015E-015
   3.28604899591669      -3.299444051307887E-015   3.28604899591669     
