   1.73650494079136      -0.352268857654047      -1.128336890231763E-018
 -5.874866345927990E-019 -2.168404344971009E-018  4.551983490920017E-019
 -6.797351208955935E-019  1.084202172485504E-018  2.357128711197596E-002
  2.891611770092796E-021  7.190983997826677E-020  1.219727444046192E-019
 -9.192058890670444E-020 -1.452568047666086E-019 -2.710505431213761E-020
   6.42318633987756      -1.380156031444212E-014  3.278388293592254E-015
  -9.50571462632471       1.018513980093388E-014 -2.366698543723593E-015
   6.42318633987757      -6.456640777585676E-015  1.023021828261250E-014
  -9.50571462632471       4.760081218080359E-015   6.42318633987756     
 -2.363528725076598E-015  4.778760420547762E-015  -9.50571462632471     
   3.63029393720970      -7.758391333345719E-015  1.811126488314735E-015
   3.63029393720970      -3.656797087359109E-015   3.63029393720970     
   1.73650494079136      -0.352268857654047      -6.428577807934623E-020
 -2.798755120375777E-019  4.336808689942018E-019 -6.720386250336488E-019
 -1.876261087609271E-019 -1.084202172485504E-018  2.357128711197596E-002
 -2.891253062691880E-021 -7.190972554745204E-020 -1.219727444046192E-019
 -9.781495254073132E-020  3.683647553252771E-020  5.421010862427522E-020
   6.42318633987756      -1.378074364167886E-014  3.278388299715427E-015
  -9.50571462632471       1.019207870297805E-014 -2.359759658361889E-015
   6.42318633987756      -6.484396353201305E-015  1.023715718139767E-014
  -9.50571462632471       4.791306240647941E-015   6.42318633987756     
 -2.370467628553236E-015  4.754474293587129E-015  -9.50571462632471     
   3.63029393720970      -7.758391341116540E-015  1.804187600922362E-015
   3.63029393720970      -3.632510958695434E-015   3.63029393720970     
