   1.75192550229024      -0.369294902532525      -1.298092185466998E-018
 -1.915193216401464E-018 -2.168404344971009E-018 -1.075744176916148E-019
 -1.074034788085566E-018 -4.336808689942018E-019  2.546166604002697E-002
 -2.302788719178173E-020 -3.493418040026712E-020  6.776263578034403E-020
 -1.375035879076979E-019  3.358349918612000E-019 -5.421010862427522E-020
   5.82697646619464      -1.248280391786785E-014  2.931345876841304E-015
  -8.33456711322236       8.915008439634477E-015 -2.103223132385807E-015
   5.82697646619464      -5.852957007945747E-015  8.911944187733379E-015
  -8.33456711322236       4.201500258815827E-015   5.82697646619464     
 -2.102475668300455E-015  4.163353437100875E-015  -8.33456711322236     
   3.11306372930258      -6.649767956056572E-015  1.555115919509958E-015
   3.11306372930258      -3.129441150662160E-015   3.11306372930258     
   1.75192550229024      -0.369294902532525       2.138929551146635E-019
 -1.120571443018974E-018  4.336808689942018E-019  1.075703231066511E-019
  2.066710744640268E-019 -4.336808689942018E-019  2.546166604002698E-002
  2.302733902628421E-020  3.493382151501855E-020 -6.776263578034403E-020
  3.001345699476368E-019 -1.189941646706829E-019  1.626303258728257E-019
   5.82697646619464      -1.248974279248002E-014  2.931345870230922E-015
  -8.33456711322236       8.901130630370361E-015 -2.117100914621687E-015
   5.82697646619464      -5.852957007945747E-015  8.911944184549416E-015
  -8.33456711322236       4.208439152719734E-015   5.82697646619464     
 -2.095536767179462E-015  4.177231222511587E-015  -8.33456711322236     
   3.11306372930258      -6.642829044584863E-015  1.541238130713405E-015
   3.11306372930258      -3.129441150662160E-015   3.11306372930258     
