# End points of segments: 
#   0.00000000 0.27982110 0.41973170 0.51866340 0.81545850 1.05779070 1.22914540 1.32807710 1.52594050 1.69729530 
0.000000 -0.007813
0.005596 0.679592
0.011193 1.358699
0.016789 2.036687
0.022386 2.713015
0.027982 3.387140
0.033578 4.058517
0.039175 4.726608
0.044771 5.390877
0.050368 6.050798
0.055964 6.705850
0.061561 7.355522
0.067157 7.999314
0.072753 8.636734
0.078350 9.267307
0.083946 9.890569
0.089543 10.506073
0.095139 11.113386
0.100736 11.712096
0.106332 12.301807
0.111928 12.882144
0.117525 13.452749
0.123121 14.013288
0.128718 14.563444
0.134314 15.102919
0.139911 15.631433
0.145507 16.148723
0.151103 16.654536
0.156700 17.148627
0.162296 17.630756
0.167893 18.100676
0.173489 18.558131
0.179086 19.002839
0.184682 19.434481
0.190278 19.852687
0.195875 20.257016
0.201471 20.646930
0.207068 21.021774
0.212664 21.380735
0.218260 21.722817
0.223857 22.046795
0.229453 22.351181
0.235050 22.634187
0.240646 22.893698
0.246243 23.127275
0.251839 23.332192
0.257435 23.505523
0.263032 23.644309
0.268628 23.745790
0.274225 23.807690
0.279821 23.828500

0.279821 23.828500
0.282619 23.830622
0.285417 23.836982
0.288216 23.847564
0.291014 23.862342
0.293812 23.881281
0.296610 23.904332
0.299409 23.931439
0.302207 23.962535
0.305005 23.997542
0.307803 24.036373
0.310601 24.078931
0.313400 24.125108
0.316198 24.174789
0.318996 24.227845
0.321794 24.284143
0.324593 24.343536
0.327391 24.405870
0.330189 24.470980
0.332987 24.538693
0.335785 24.608826
0.338583 24.681185
0.341382 24.755570
0.344180 24.831766
0.346978 24.909551
0.349776 24.988692
0.352575 25.068943
0.355373 25.150050
0.358171 25.231744
0.360969 25.313744
0.363767 25.395756
0.366566 25.477473
0.369364 25.558572
0.372162 25.638715
0.374960 25.717549
0.377758 25.794705
0.380557 25.869798
0.383355 25.942426
0.386153 26.012175
0.388951 26.078618
0.391750 26.141316
0.394548 26.199827
0.397346 26.253706
0.400144 26.302517
0.402942 26.345836
0.405741 26.383264
0.408539 26.414438
0.411337 26.439040
0.414135 26.456809
0.416934 26.467551
0.419732 26.471145

0.419732 26.471145
0.421710 26.382256
0.423689 26.289394
0.425668 26.193010
0.427646 26.093529
0.429625 25.991351
0.431603 25.886853
0.433582 25.780388
0.435561 25.672291
0.437539 25.562878
0.439518 25.452447
0.441497 25.341284
0.443475 25.229656
0.445454 25.117824
0.447433 25.006032
0.449411 24.894518
0.451390 24.783509
0.453368 24.673225
0.455347 24.563877
0.457326 24.455669
0.459304 24.348801
0.461283 24.243462
0.463262 24.139841
0.465240 24.038116
0.467219 23.938464
0.469197 23.841054
0.471176 23.746051
0.473155 23.653615
0.475133 23.563900
0.477112 23.477056
0.479091 23.393227
0.481069 23.312553
0.483048 23.235168
0.485027 23.161199
0.487005 23.090769
0.488984 23.023997
0.490963 22.960992
0.492941 22.901859
0.494920 22.846698
0.496898 22.795601
0.498877 22.748653
0.500856 22.705934
0.502834 22.667515
0.504813 22.633461
0.506792 22.603830
0.508770 22.578671
0.510749 22.558029
0.512728 22.541937
0.514706 22.530423
0.516685 22.523507
0.518663 22.521200

0.518663 22.521200
0.524599 22.349848
0.530535 22.166529
0.536471 21.971018
0.542407 21.763103
0.548343 21.542588
0.554279 21.309294
0.560215 21.063064
0.566151 20.803763
0.572087 20.531279
0.578022 20.245524
0.583958 19.946441
0.589894 19.633995
0.595830 19.308183
0.601766 18.969030
0.607702 18.616588
0.613638 18.250940
0.619574 17.872196
0.625510 17.480497
0.631445 17.076008
0.637381 16.658923
0.643317 16.229463
0.649253 15.787871
0.655189 15.334416
0.661125 14.869388
0.667061 14.393100
0.672997 13.905883
0.678933 13.408085
0.684869 12.900073
0.690805 12.382228
0.696740 11.854944
0.702676 11.318627
0.708612 10.773695
0.714548 10.220574
0.720484 9.659698
0.726420 9.091507
0.732356 8.516448
0.738292 7.934971
0.744228 7.347529
0.750164 6.754580
0.756100 6.156581
0.762035 5.553991
0.767971 4.947271
0.773907 4.336881
0.779843 3.723280
0.785779 3.106929
0.791715 2.488286
0.797651 1.867809
0.803587 1.245955
0.809523 0.623170
0.815458 -0.007813

0.815458 -0.007813
0.820305 0.536660
0.825152 1.072802
0.829998 1.607720
0.834845 2.140827
0.839692 2.671531
0.844538 3.199241
0.849385 3.723371
0.854232 4.243342
0.859078 4.758585
0.863925 5.268538
0.868772 5.772649
0.873618 6.270378
0.878465 6.761197
0.883312 7.244590
0.888158 7.720058
0.893005 8.187113
0.897851 8.645285
0.902698 9.094117
0.907545 9.533172
0.912391 9.962028
0.917238 10.380281
0.922085 10.787545
0.926931 11.183451
0.931778 11.567649
0.936625 11.939806
0.941471 12.299607
0.946318 12.646756
0.951164 12.980973
0.956011 13.301995
0.960858 13.609577
0.965704 13.903489
0.970551 14.183515
0.975398 14.449457
0.980244 14.701130
0.985091 14.938362
0.989938 15.160996
0.994784 15.368884
0.999631 15.561893
1.004478 15.739901
1.009324 15.902797
1.014171 16.050479
1.019017 16.182857
1.023864 16.299850
1.028711 16.401386
1.033557 16.487406
1.038404 16.557856
1.043251 16.612694
1.048097 16.651888
1.052944 16.675414
1.057791 16.683258

1.057791 16.683258
1.061218 16.688269
1.064645 16.703282
1.068072 16.728232
1.071499 16.763009
1.074926 16.807464
1.078353 16.861408
1.081780 16.924612
1.085207 16.996813
1.088634 17.077712
1.092062 17.166982
1.095489 17.264267
1.098916 17.369186
1.102343 17.481337
1.105770 17.600298
1.109197 17.725631
1.112624 17.856887
1.116051 17.993604
1.119478 18.135313
1.122905 18.281540
1.126333 18.431804
1.129760 18.585627
1.133187 18.742527
1.136614 18.902023
1.140041 19.063638
1.143468 19.226896
1.146895 19.391326
1.150322 19.556459
1.153749 19.721831
1.157176 19.886982
1.160603 20.051457
1.164031 20.214804
1.167458 20.376573
1.170885 20.536320
1.174312 20.693600
1.177739 20.847972
1.181166 20.998997
1.184593 21.146237
1.188020 21.289253
1.191447 21.427609
1.194875 21.560871
1.198302 21.688605
1.201729 21.810382
1.205156 21.925775
1.208583 22.034367
1.212010 22.135746
1.215437 22.229516
1.218864 22.315295
1.222291 22.392722
1.225718 22.461459
1.229145 22.521200

1.229145 22.521200
1.231124 22.523507
1.233103 22.530423
1.235081 22.541937
1.237060 22.558029
1.239039 22.578671
1.241017 22.603830
1.242996 22.633461
1.244975 22.667515
1.246953 22.705934
1.248932 22.748653
1.250910 22.795601
1.252889 22.846698
1.254868 22.901859
1.256846 22.960992
1.258825 23.023997
1.260804 23.090769
1.262782 23.161199
1.264761 23.235168
1.266739 23.312553
1.268718 23.393227
1.270697 23.477056
1.272675 23.563900
1.274654 23.653615
1.276633 23.746051
1.278611 23.841054
1.280590 23.938464
1.282569 24.038116
1.284547 24.139841
1.286526 24.243462
1.288504 24.348801
1.290483 24.455669
1.292462 24.563877
1.294440 24.673225
1.296419 24.783509
1.298398 24.894518
1.300376 25.006032
1.302355 25.117824
1.304334 25.229656
1.306312 25.341284
1.308291 25.452447
1.310269 25.562878
1.312248 25.672291
1.314227 25.780388
1.316205 25.886853
1.318184 25.991351
1.320163 26.093529
1.322141 26.193010
1.324120 26.289394
1.326099 26.382256
1.328077 26.471145

1.328077 26.471145
1.332034 26.223186
1.335992 25.971026
1.339949 25.715853
1.343906 25.458543
1.347864 25.199752
1.351821 24.939982
1.355778 24.679627
1.359735 24.419002
1.363692 24.158365
1.367650 23.897938
1.371607 23.637912
1.375564 23.378465
1.379522 23.119763
1.383479 22.861969
1.387436 22.605249
1.391393 22.349774
1.395351 22.095724
1.399308 21.843292
1.403265 21.592686
1.407223 21.344130
1.411180 21.097869
1.415137 20.854165
1.419094 20.613302
1.423051 20.375586
1.427009 20.141347
1.430966 19.910935
1.434923 19.684722
1.438881 19.463104
1.442838 19.246497
1.446795 19.035336
1.450752 18.830073
1.454710 18.631180
1.458667 18.439138
1.462624 18.254444
1.466581 18.077598
1.470539 17.909109
1.474496 17.749482
1.478453 17.599222
1.482411 17.458822
1.486368 17.328765
1.490325 17.209514
1.494282 17.101507
1.498240 17.005155
1.502197 16.920836
1.506154 16.848885
1.510111 16.789600
1.514069 16.743225
1.518026 16.709958
1.521983 16.689940
1.525940 16.683258

1.525940 16.683258
1.529368 16.688269
1.532795 16.703282
1.536222 16.728232
1.539649 16.763009
1.543076 16.807464
1.546503 16.861408
1.549930 16.924612
1.553357 16.996813
1.556784 17.077712
1.560212 17.166982
1.563639 17.264267
1.567066 17.369186
1.570493 17.481337
1.573920 17.600298
1.577347 17.725631
1.580774 17.856887
1.584201 17.993604
1.587628 18.135313
1.591055 18.281540
1.594482 18.431804
1.597910 18.585627
1.601337 18.742527
1.604764 18.902023
1.608191 19.063638
1.611618 19.226896
1.615045 19.391326
1.618472 19.556459
1.621899 19.721831
1.625326 19.886982
1.628753 20.051457
1.632181 20.214804
1.635608 20.376573
1.639035 20.536320
1.642462 20.693600
1.645889 20.847972
1.649316 20.998997
1.652743 21.146237
1.656170 21.289253
1.659597 21.427609
1.663024 21.560871
1.666451 21.688605
1.669879 21.810382
1.673306 21.925775
1.676733 22.034367
1.680160 22.135746
1.683587 22.229516
1.687014 22.315295
1.690441 22.392722
1.693868 22.461459
1.697295 22.521200


0.000000 -0.007813
0.005596 0.679592
0.011193 1.358699
0.016789 2.036687
0.022386 2.713015
0.027982 3.387140
0.033578 4.058517
0.039175 4.726608
0.044771 5.390877
0.050368 6.050798
0.055964 6.705850
0.061561 7.355522
0.067157 7.999314
0.072753 8.636734
0.078350 9.267307
0.083946 9.890569
0.089543 10.506073
0.095139 11.113386
0.100736 11.712096
0.106332 12.301807
0.111928 12.882144
0.117525 13.452749
0.123121 14.013288
0.128718 14.563444
0.134314 15.102919
0.139911 15.631433
0.145507 16.148723
0.151103 16.654536
0.156700 17.148627
0.162296 17.630756
0.167893 18.100676
0.173489 18.558131
0.179086 19.002839
0.184682 19.434481
0.190278 19.852687
0.195875 20.257016
0.201471 20.646930
0.207068 21.021774
0.212664 21.380735
0.218260 21.722817
0.223857 22.046795
0.229453 22.351181
0.235050 22.634187
0.240646 22.893698
0.246243 23.127275
0.251839 23.332192
0.257435 23.505523
0.263032 23.644309
0.268628 23.745790
0.274225 23.807690
0.279821 23.828500

0.279821 23.828500
0.282619 23.830622
0.285417 23.836982
0.288216 23.847564
0.291014 23.862342
0.293812 23.881281
0.296610 23.904332
0.299409 23.931439
0.302207 23.962535
0.305005 23.997542
0.307803 24.036373
0.310601 24.078931
0.313400 24.125108
0.316198 24.174789
0.318996 24.227845
0.321794 24.284143
0.324593 24.343536
0.327391 24.405870
0.330189 24.470980
0.332987 24.538693
0.335785 24.608826
0.338583 24.681185
0.341382 24.755570
0.344180 24.831766
0.346978 24.909551
0.349776 24.988692
0.352575 25.068943
0.355373 25.150050
0.358171 25.231744
0.360969 25.313744
0.363767 25.395756
0.366566 25.477473
0.369364 25.558572
0.372162 25.638715
0.374960 25.717549
0.377758 25.794705
0.380557 25.869798
0.383355 25.942426
0.386153 26.012175
0.388951 26.078618
0.391750 26.141316
0.394548 26.199827
0.397346 26.253706
0.400144 26.302517
0.402942 26.345836
0.405741 26.383264
0.408539 26.414438
0.411337 26.439040
0.414135 26.456809
0.416934 26.467551
0.419732 26.471145

0.419732 26.471145
0.421710 26.557588
0.423689 26.643404
0.425668 26.728567
0.427646 26.813044
0.429625 26.896802
0.431603 26.979805
0.433582 27.062013
0.435561 27.143382
0.437539 27.223867
0.439518 27.303416
0.441497 27.381975
0.443475 27.459488
0.445454 27.535892
0.447433 27.611120
0.449411 27.685105
0.451390 27.757771
0.453368 27.829042
0.455347 27.898839
0.457326 27.967078
0.459304 28.033674
0.461283 28.098541
0.463262 28.161593
0.465240 28.222743
0.467219 28.281908
0.469197 28.339005
0.471176 28.393960
0.473155 28.446701
0.475133 28.497165
0.477112 28.545298
0.479091 28.591055
0.481069 28.634401
0.483048 28.675312
0.485027 28.713775
0.487005 28.749788
0.488984 28.783360
0.490963 28.814507
0.492941 28.843256
0.494920 28.869638
0.496898 28.893692
0.498877 28.915458
0.500856 28.934981
0.502834 28.952303
0.504813 28.967469
0.506792 28.980520
0.508770 28.991493
0.510749 29.000422
0.512728 29.007337
0.514706 29.012258
0.516685 29.015205
0.518663 29.016186

0.518663 29.016186
0.524599 29.483121
0.530535 29.342654
0.536471 29.198804
0.542407 29.050975
0.548343 28.898412
0.554279 28.642005
0.560215 28.100364
0.566151 27.547510
0.572087 26.984731
0.578022 26.413098
0.583958 25.833554
0.589894 25.246940
0.595830 24.654005
0.601766 24.055411
0.607702 23.451735
0.613638 22.843467
0.619574 22.231016
0.625510 21.614714
0.631445 20.994812
0.637381 20.371496
0.643317 19.744882
0.649253 19.115030
0.655189 18.481947
0.661125 17.845596
0.667061 17.205906
0.672997 16.562777
0.678933 15.916090
0.684869 15.265715
0.690805 14.611521
0.696740 13.953380
0.702676 13.291176
0.708612 12.624811
0.714548 11.954213
0.720484 11.279337
0.726420 10.600168
0.732356 9.916729
0.738292 9.229081
0.744228 8.537321
0.750164 7.841587
0.756100 7.142053
0.762035 6.438933
0.767971 5.732475
0.773907 5.022960
0.779843 4.310701
0.785779 3.596037
0.791715 2.879330
0.797651 2.160964
0.803587 1.441336
0.809523 0.720849
0.815458 -0.007813

0.815458 -0.007813
0.820305 0.536660
0.825152 1.072802
0.829998 1.607720
0.834845 2.140827
0.839692 2.671531
0.844538 3.199241
0.849385 3.723371
0.854232 4.243342
0.859078 4.758585
0.863925 5.268538
0.868772 5.772649
0.873618 6.270378
0.878465 6.761197
0.883312 7.244590
0.888158 7.720058
0.893005 8.187113
0.897851 8.645285
0.902698 9.094117
0.907545 9.533172
0.912391 9.962028
0.917238 10.380281
0.922085 10.787545
0.926931 11.183451
0.931778 11.567649
0.936625 11.939806
0.941471 12.299607
0.946318 12.646756
0.951164 12.980973
0.956011 13.301995
0.960858 13.609577
0.965704 13.903489
0.970551 14.183515
0.975398 14.449457
0.980244 14.701130
0.985091 14.938362
0.989938 15.160996
0.994784 15.368884
0.999631 15.561893
1.004478 15.739901
1.009324 15.902797
1.014171 16.050479
1.019017 16.182857
1.023864 16.299850
1.028711 16.401386
1.033557 16.487406
1.038404 16.557856
1.043251 16.612694
1.048097 16.651888
1.052944 16.675414
1.057791 16.683258

1.057791 16.683258
1.061218 16.694662
1.064645 16.728810
1.068072 16.785497
1.071499 16.864393
1.074926 16.965043
1.078353 17.086877
1.081780 17.229223
1.085207 17.391318
1.088634 17.572320
1.092062 17.771323
1.095489 17.987369
1.098916 18.219461
1.102343 18.466576
1.105770 18.727674
1.109197 19.001709
1.112624 19.287638
1.116051 19.584426
1.119478 19.891056
1.122905 20.206527
1.126333 20.529866
1.129760 20.860121
1.133187 21.196371
1.136614 21.537721
1.140041 21.883305
1.143468 22.232283
1.146895 22.583838
1.150322 22.937179
1.153749 23.291529
1.157176 23.646129
1.160603 24.000227
1.164031 24.353077
1.167458 24.703924
1.170885 25.052000
1.174312 25.396509
1.177739 25.736613
1.181166 26.071411
1.184593 26.399917
1.188020 26.721028
1.191447 27.033490
1.194875 27.335858
1.198302 27.626447
1.201729 27.903296
1.205156 28.164132
1.208583 28.406359
1.212010 28.626992
1.215437 28.822292
1.218864 28.986054
1.222291 29.102477
1.225718 29.126558
1.229145 29.016186

1.229145 29.016186
1.231124 29.015205
1.233103 29.012258
1.235081 29.007337
1.237060 29.000422
1.239039 28.991493
1.241017 28.980520
1.242996 28.967469
1.244975 28.952303
1.246953 28.934981
1.248932 28.915458
1.250910 28.893692
1.252889 28.869638
1.254868 28.843256
1.256846 28.814507
1.258825 28.783360
1.260804 28.749788
1.262782 28.713775
1.264761 28.675312
1.266739 28.634401
1.268718 28.591055
1.270697 28.545298
1.272675 28.497165
1.274654 28.446701
1.276633 28.393960
1.278611 28.339005
1.280590 28.281908
1.282569 28.222743
1.284547 28.161593
1.286526 28.098541
1.288504 28.033674
1.290483 27.967078
1.292462 27.898839
1.294440 27.829042
1.296419 27.757771
1.298398 27.685105
1.300376 27.611120
1.302355 27.535892
1.304334 27.459488
1.306312 27.381975
1.308291 27.303416
1.310269 27.223867
1.312248 27.143382
1.314227 27.062013
1.316205 26.979805
1.318184 26.896802
1.320163 26.813044
1.322141 26.728567
1.324120 26.643404
1.326099 26.557588
1.328077 26.471145

1.328077 26.471145
1.332034 26.713256
1.335992 26.947195
1.339949 27.169637
1.343906 27.375797
1.347864 27.558866
1.351821 27.709605
1.355778 27.816771
1.359735 27.869398
1.363692 27.860756
1.367650 27.791196
1.371607 27.667087
1.375564 27.497255
1.379522 27.290119
1.383479 27.052557
1.387436 26.789870
1.391393 26.506108
1.395351 26.204418
1.399308 25.887319
1.403265 25.556897
1.407223 25.214943
1.411180 24.863045
1.415137 24.502652
1.419094 24.135128
1.423051 23.761782
1.427009 23.383893
1.430966 23.002734
1.434923 22.619586
1.438881 22.235750
1.442838 21.852557
1.446795 21.471377
1.450752 21.093622
1.454710 20.720754
1.458667 20.354285
1.462624 19.995776
1.466581 19.646839
1.470539 19.309129
1.474496 18.984342
1.478453 18.674201
1.482411 18.380447
1.486368 18.104821
1.490325 17.849046
1.494282 17.614804
1.498240 17.403712
1.502197 17.217295
1.506154 17.056952
1.510111 16.923934
1.514069 16.819309
1.518026 16.743940
1.521983 16.698461
1.525940 16.683258

1.525940 16.683258
1.529368 16.694662
1.532795 16.728810
1.536222 16.785497
1.539649 16.864393
1.543076 16.965043
1.546503 17.086877
1.549930 17.229223
1.553357 17.391318
1.556784 17.572320
1.560212 17.771323
1.563639 17.987369
1.567066 18.219461
1.570493 18.466576
1.573920 18.727674
1.577347 19.001709
1.580774 19.287638
1.584201 19.584426
1.587628 19.891056
1.591055 20.206527
1.594482 20.529866
1.597910 20.860121
1.601337 21.196371
1.604764 21.537721
1.608191 21.883305
1.611618 22.232283
1.615045 22.583838
1.618472 22.937179
1.621899 23.291529
1.625326 23.646129
1.628753 24.000227
1.632181 24.353077
1.635608 24.703924
1.639035 25.052000
1.642462 25.396509
1.645889 25.736613
1.649316 26.071411
1.652743 26.399917
1.656170 26.721028
1.659597 27.033490
1.663024 27.335858
1.666451 27.626447
1.669879 27.903296
1.673306 28.164132
1.676733 28.406359
1.680160 28.626992
1.683587 28.822292
1.687014 28.986054
1.690441 29.102477
1.693868 29.126558
1.697295 29.016186


0.000000 -0.007813
0.005596 0.976953
0.011193 1.953141
0.016789 2.927695
0.022386 3.899816
0.027982 4.868701
0.033578 5.833551
0.039175 6.793574
0.044771 7.747988
0.050368 8.696018
0.055964 9.636901
0.061561 10.569887
0.067157 11.494241
0.072753 12.409244
0.078350 13.314193
0.083946 14.208407
0.089543 15.091225
0.095139 15.962010
0.100736 16.820149
0.106332 17.665056
0.111928 18.496173
0.117525 19.312972
0.123121 20.114957
0.128718 20.901664
0.134314 21.672664
0.139911 22.427562
0.145507 23.166002
0.151103 23.887663
0.156700 24.592262
0.162296 25.279554
0.167893 25.949334
0.173489 26.601433
0.179086 27.235722
0.184682 27.852106
0.190278 28.450528
0.195875 29.030967
0.201471 29.593434
0.207068 30.137971
0.212664 30.664652
0.218260 31.173576
0.223857 31.664868
0.229453 32.138678
0.235050 32.073432
0.240646 31.876762
0.246243 31.696518
0.251839 31.535894
0.257435 31.398223
0.263032 31.286807
0.268628 31.204677
0.274225 31.154308
0.279821 31.137329

0.279821 31.137329
0.282619 31.136826
0.285417 31.135316
0.288216 31.132799
0.291014 31.129271
0.293812 31.124729
0.296610 31.119167
0.299409 31.112581
0.302207 31.104963
0.305005 31.096306
0.307803 31.086602
0.310601 31.075843
0.313400 31.064019
0.316198 31.051122
0.318996 31.037141
0.321794 31.022069
0.324593 31.005897
0.327391 30.988618
0.330189 30.970226
0.332987 30.950719
0.335785 30.930094
0.338583 30.908355
0.341382 30.885508
0.344180 30.861566
0.346978 30.836545
0.349776 30.810472
0.352575 30.783379
0.355373 30.755310
0.358171 30.726320
0.360969 30.696476
0.363767 30.665860
0.366566 30.634571
0.369364 30.602723
0.372162 30.570452
0.374960 30.537915
0.377758 30.505289
0.380557 30.472775
0.383355 30.440600
0.386153 30.409009
0.388951 30.378275
0.391750 30.348688
0.394548 30.320556
0.397346 30.294197
0.400144 30.269937
0.402942 30.248100
0.405741 30.228997
0.408539 30.212917
0.411337 30.200119
0.414135 30.190815
0.416934 30.185166
0.419732 30.183272

0.419732 30.183272
0.421710 30.175470
0.423689 30.167191
0.425668 30.158299
0.427646 30.148699
0.429625 30.138333
0.431603 30.127176
0.433582 30.115232
0.435561 30.102524
0.437539 30.089096
0.439518 30.075001
0.441497 30.060305
0.443475 30.045079
0.445454 30.029399
0.447433 30.013340
0.449411 29.996982
0.451390 29.980399
0.453368 29.963665
0.455347 29.946852
0.457326 29.930028
0.459304 29.913256
0.461283 29.896598
0.463262 29.880109
0.465240 29.863842
0.467219 29.847847
0.469197 29.832168
0.471176 29.816848
0.473155 29.801924
0.475133 29.787432
0.477112 29.773404
0.479091 29.759870
0.481069 29.746857
0.483048 29.734389
0.485027 29.722489
0.487005 29.711176
0.488984 29.700470
0.490963 29.690387
0.492941 29.680942
0.494920 29.672148
0.496898 29.664018
0.498877 29.656561
0.500856 29.649788
0.502834 29.643706
0.504813 29.638324
0.506792 29.633647
0.508770 29.629681
0.510749 29.626431
0.512728 29.623899
0.514706 29.622088
0.516685 29.621001
0.518663 29.620638

0.518663 29.620638
0.524599 29.509154
0.530535 29.990959
0.536471 30.144245
0.542407 29.682121
0.548343 29.170616
0.554279 28.740206
0.560215 28.575291
0.566151 28.402454
0.572087 28.220341
0.578022 28.027465
0.583958 27.822219
0.589894 27.602894
0.595830 27.367703
0.601766 27.114799
0.607702 26.842315
0.613638 26.548386
0.619574 26.231194
0.625510 25.888994
0.631445 25.520153
0.637381 25.123179
0.643317 24.696748
0.649253 24.239720
0.655189 23.751158
0.661125 23.230335
0.667061 22.676731
0.672997 22.090037
0.678933 21.470146
0.684869 20.817141
0.690805 20.131289
0.696740 19.413027
0.702676 18.662949
0.708612 17.881798
0.714548 17.070452
0.720484 16.229918
0.726420 15.361316
0.732356 14.465879
0.738292 13.544938
0.744228 12.599922
0.750164 11.632341
0.756100 10.643791
0.762035 9.635939
0.767971 8.610518
0.773907 7.569324
0.779843 6.514209
0.785779 5.447070
0.791715 4.369847
0.797651 3.284513
0.803587 2.193071
0.809523 1.097537
0.815458 -0.007813

0.815458 -0.007813
0.820305 0.912395
0.825152 1.824025
0.829998 2.734013
0.834845 3.641558
0.839692 4.545854
0.844538 5.446100
0.849385 6.341502
0.854232 7.231275
0.859078 8.114643
0.863925 8.990840
0.868772 9.859115
0.873618 10.718727
0.878465 11.568953
0.883312 12.409082
0.888158 13.238422
0.893005 14.056297
0.897851 14.862047
0.902698 15.655033
0.907545 16.434631
0.912391 17.200239
0.917238 17.951268
0.922085 18.687149
0.926931 19.407330
0.931778 20.111271
0.936625 20.798446
0.941471 21.468341
0.946318 22.120447
0.951164 22.754262
0.956011 23.369279
0.960858 23.964989
0.965704 24.540868
0.970551 25.096374
0.975398 25.630937
0.980244 26.143945
0.985091 26.634740
0.989938 27.102599
0.994784 27.546725
0.999631 27.966227
1.004478 28.360110
1.009324 28.727263
1.014171 29.066444
1.019017 29.376283
1.023864 29.655285
1.028711 29.901852
1.033557 30.114325
1.038404 30.291047
1.043251 30.430443
1.048097 30.531127
1.052944 30.592006
1.057791 30.612380

1.057791 30.612380
1.061218 30.611012
1.064645 30.606925
1.068072 30.600163
1.071499 30.590805
1.074926 30.578953
1.078353 30.564739
1.081780 30.548317
1.085207 30.529861
1.088634 30.509565
1.092062 30.487636
1.095489 30.464292
1.098916 30.439760
1.102343 30.414276
1.105770 30.388074
1.109197 30.361393
1.112624 30.334471
1.116051 30.307541
1.119478 30.280836
1.122905 30.254581
1.126333 30.228996
1.129760 30.204296
1.133187 30.180689
1.136614 30.158374
1.140041 30.137545
1.143468 30.118389
1.146895 30.101085
1.150322 30.085808
1.153749 30.072725
1.157176 30.061996
1.160603 30.053779
1.164031 30.048222
1.167458 30.045467
1.170885 30.045646
1.174312 30.048873
1.177739 30.055238
1.181166 30.064778
1.184593 30.077448
1.188020 30.093042
1.191447 30.111059
1.194875 30.130450
1.198302 30.149147
1.201729 30.163218
1.205156 30.165597
1.208583 30.145079
1.212010 30.088421
1.215437 29.988588
1.218864 29.853556
1.222291 29.709956
1.225718 29.614950
1.229145 29.620638

1.229145 29.620638
1.231124 29.621001
1.233103 29.622088
1.235081 29.623899
1.237060 29.626431
1.239039 29.629681
1.241017 29.633647
1.242996 29.638324
1.244975 29.643706
1.246953 29.649788
1.248932 29.656561
1.250910 29.664018
1.252889 29.672148
1.254868 29.680942
1.256846 29.690387
1.258825 29.700470
1.260804 29.711176
1.262782 29.722489
1.264761 29.734389
1.266739 29.746857
1.268718 29.759870
1.270697 29.773404
1.272675 29.787432
1.274654 29.801924
1.276633 29.816848
1.278611 29.832168
1.280590 29.847847
1.282569 29.863842
1.284547 29.880109
1.286526 29.896598
1.288504 29.913256
1.290483 29.930028
1.292462 29.946852
1.294440 29.963665
1.296419 29.980399
1.298398 29.996982
1.300376 30.013340
1.302355 30.029399
1.304334 30.045079
1.306312 30.060305
1.308291 30.075001
1.310269 30.089096
1.312248 30.102524
1.314227 30.115232
1.316205 30.127176
1.318184 30.138333
1.320163 30.148699
1.322141 30.158299
1.324120 30.167191
1.326099 30.175470
1.328077 30.183272

1.328077 30.183272
1.332034 30.158032
1.335992 30.125974
1.339949 30.088853
1.343906 30.050105
1.347864 30.015474
1.351821 29.993465
1.355778 29.994917
1.359735 30.030713
1.363692 30.107758
1.367650 30.128959
1.371607 30.110673
1.375564 30.092933
1.379522 30.076222
1.383479 30.060954
1.387436 30.047479
1.391393 30.036089
1.395351 30.027022
1.399308 30.020469
1.403265 30.016573
1.407223 30.015440
1.411180 30.017133
1.415137 30.021680
1.419094 30.029077
1.423051 30.039287
1.427009 30.052241
1.430966 30.067843
1.434923 30.085969
1.438881 30.106467
1.442838 30.129161
1.446795 30.153850
1.450752 30.180308
1.454710 30.208288
1.458667 30.237521
1.462624 30.267719
1.466581 30.298574
1.470539 30.329763
1.474496 30.360949
1.478453 30.391785
1.482411 30.421914
1.486368 30.450979
1.490325 30.478620
1.494282 30.504488
1.498240 30.528243
1.502197 30.549565
1.506154 30.568157
1.510111 30.583757
1.514069 30.596137
1.518026 30.605115
1.521983 30.610557
1.525940 30.612380

1.525940 30.612380
1.529368 30.611012
1.532795 30.606925
1.536222 30.600163
1.539649 30.590805
1.543076 30.578953
1.546503 30.564739
1.549930 30.548317
1.553357 30.529861
1.556784 30.509565
1.560212 30.487636
1.563639 30.464292
1.567066 30.439760
1.570493 30.414276
1.573920 30.388074
1.577347 30.361393
1.580774 30.334471
1.584201 30.307541
1.587628 30.280836
1.591055 30.254581
1.594482 30.228996
1.597910 30.204296
1.601337 30.180689
1.604764 30.158374
1.608191 30.137545
1.611618 30.118389
1.615045 30.101085
1.618472 30.085808
1.621899 30.072725
1.625326 30.061996
1.628753 30.053779
1.632181 30.048222
1.635608 30.045467
1.639035 30.045646
1.642462 30.048873
1.645889 30.055238
1.649316 30.064778
1.652743 30.077448
1.656170 30.093042
1.659597 30.111059
1.663024 30.130450
1.666451 30.149147
1.669879 30.163218
1.673306 30.165597
1.676733 30.145079
1.680160 30.088421
1.683587 29.988588
1.687014 29.853556
1.690441 29.709956
1.693868 29.614950
1.697295 29.620638


0.000000 38.433328
0.005596 38.429728
0.011193 38.418917
0.016789 38.400860
0.022386 38.375502
0.027982 38.342769
0.033578 38.302568
0.039175 38.254789
0.044771 38.199312
0.050368 38.136007
0.055964 38.064740
0.061561 37.985374
0.067157 37.897778
0.072753 37.801825
0.078350 37.697404
0.083946 37.584420
0.089543 37.462798
0.095139 37.332490
0.100736 37.193478
0.106332 37.045777
0.111928 36.889440
0.117525 36.724563
0.123121 36.551284
0.128718 36.369791
0.134314 36.180322
0.139911 35.983166
0.145507 35.778670
0.151103 35.567237
0.156700 35.349334
0.162296 35.125490
0.167893 34.896301
0.173489 34.662437
0.179086 34.424647
0.184682 34.183761
0.190278 33.940710
0.195875 33.696526
0.201471 33.452367
0.207068 33.209528
0.212664 32.969470
0.218260 32.733839
0.223857 32.504501
0.229453 32.283570
0.235050 32.073432
0.240646 31.876762
0.246243 31.696518
0.251839 31.535894
0.257435 31.398223
0.263032 31.286807
0.268628 31.204677
0.274225 31.154308
0.279821 31.137329

0.279821 31.137329
0.282619 31.136826
0.285417 31.135316
0.288216 31.132799
0.291014 31.129271
0.293812 31.124729
0.296610 31.119167
0.299409 31.112581
0.302207 31.104963
0.305005 31.096306
0.307803 31.086602
0.310601 31.075843
0.313400 31.064019
0.316198 31.051122
0.318996 31.037141
0.321794 31.022069
0.324593 31.005897
0.327391 30.988618
0.330189 30.970226
0.332987 30.950719
0.335785 30.930094
0.338583 30.908355
0.341382 30.885508
0.344180 30.861566
0.346978 30.836545
0.349776 30.810472
0.352575 30.783379
0.355373 30.755310
0.358171 30.726320
0.360969 30.696476
0.363767 30.665860
0.366566 30.634571
0.369364 30.602723
0.372162 30.570452
0.374960 30.537915
0.377758 30.505289
0.380557 30.472775
0.383355 30.440600
0.386153 30.409009
0.388951 30.378275
0.391750 30.348688
0.394548 30.320556
0.397346 30.294197
0.400144 30.269937
0.402942 30.248100
0.405741 30.228997
0.408539 30.212917
0.411337 30.200119
0.414135 30.190815
0.416934 30.185166
0.419732 30.183272

0.419732 30.183272
0.421710 30.191059
0.423689 30.199201
0.425668 30.207731
0.427646 30.216685
0.429625 30.226098
0.431603 30.236009
0.433582 30.246458
0.435561 30.257487
0.437539 30.269141
0.439518 30.281465
0.441497 30.294511
0.443475 30.308329
0.445454 30.322975
0.447433 30.338505
0.449411 30.354981
0.451390 30.372464
0.453368 30.391020
0.455347 30.410715
0.457326 30.431617
0.459304 30.453795
0.461283 30.477317
0.463262 30.502250
0.465240 30.528660
0.467219 30.556607
0.469197 30.586147
0.471176 30.617329
0.473155 30.650194
0.475133 30.684773
0.477112 30.721084
0.479091 30.759134
0.481069 30.798912
0.483048 30.840396
0.485027 30.883542
0.487005 30.928291
0.488984 30.974564
0.490963 31.022261
0.492941 31.071258
0.494920 31.121405
0.496898 31.172519
0.498877 31.224379
0.500856 31.276704
0.502834 31.329140
0.504813 31.381218
0.506792 31.432298
0.508770 31.481477
0.510749 31.527447
0.512728 31.568307
0.514706 31.601388
0.516685 31.623372
0.518663 31.631145

0.518663 31.631145
0.524599 31.180316
0.530535 30.725485
0.536471 30.582632
0.542407 31.037419
0.548343 31.522717
0.554279 32.005283
0.560215 32.480189
0.566151 32.944873
0.572087 33.397407
0.578022 33.700736
0.583958 33.881429
0.589894 34.064819
0.595830 34.250299
0.601766 34.437249
0.607702 34.625041
0.613638 34.813041
0.619574 35.000620
0.625510 35.187157
0.631445 35.372043
0.637381 35.554689
0.643317 35.734529
0.649253 35.911024
0.655189 36.083665
0.661125 36.251980
0.667061 36.415531
0.672997 36.573923
0.678933 36.726799
0.684869 36.873843
0.690805 37.014784
0.696740 37.149390
0.702676 37.277472
0.708612 37.398878
0.714548 37.513495
0.720484 37.604797
0.726420 37.684390
0.732356 37.763713
0.738292 37.841914
0.744228 37.918156
0.750164 37.991627
0.756100 38.061554
0.762035 38.127203
0.767971 38.187890
0.773907 38.242988
0.779843 38.291930
0.785779 38.334214
0.791715 38.369411
0.797651 38.397162
0.803587 38.417186
0.809523 38.429283
0.815458 38.433328

0.815458 38.433328
0.820305 38.431076
0.825152 38.424323
0.829998 38.413079
0.834845 38.397362
0.839692 38.377197
0.844538 38.352616
0.849385 38.323661
0.854232 38.290382
0.859078 38.252838
0.863925 38.211101
0.868772 38.165252
0.873618 38.115385
0.878465 38.061609
0.883312 38.004044
0.888158 37.942827
0.893005 37.878110
0.897851 37.810062
0.902698 37.738869
0.907545 37.664732
0.912391 37.587874
0.917238 37.508535
0.922085 37.426971
0.926931 37.343458
0.931778 37.258290
0.936625 37.171778
0.941471 37.084250
0.946318 36.996049
0.951164 36.907533
0.956011 36.819072
0.960858 36.731048
0.965704 36.643855
0.970551 36.557891
0.975398 36.473561
0.980244 36.391273
0.985091 36.311434
0.989938 36.234449
0.994784 36.160718
0.999631 36.090631
1.004478 36.024567
1.009324 35.962889
1.014171 35.905943
1.019017 35.854052
1.023864 35.807516
1.028711 35.766606
1.033557 35.731565
1.038404 35.702601
1.043251 35.679889
1.048097 35.663567
1.052944 35.653734
1.057791 35.650449

1.057791 35.650449
1.061218 35.648094
1.064645 35.641034
1.068072 35.629282
1.071499 35.612861
1.074926 35.591799
1.078353 35.566138
1.081780 35.535925
1.085207 35.501217
1.088634 35.462081
1.092062 35.418591
1.095489 35.370830
1.098916 35.318891
1.102343 35.262877
1.105770 35.202896
1.109197 35.139069
1.112624 35.071525
1.116051 35.000402
1.119478 34.925846
1.122905 34.848015
1.126333 34.767075
1.129760 34.683203
1.133187 34.596584
1.136614 34.507414
1.140041 34.415900
1.143468 34.322258
1.146895 34.226717
1.150322 34.129515
1.153749 34.030901
1.157176 33.931138
1.160603 33.830498
1.164031 33.729267
1.167458 33.627742
1.170885 33.526233
1.174312 33.398751
1.177739 33.184777
1.181166 32.968160
1.184593 32.749793
1.188020 32.530823
1.191447 32.312822
1.194875 32.098083
1.198302 31.890132
1.201729 31.694614
1.205156 31.520584
1.208583 31.381528
1.212010 31.293320
1.215437 31.266328
1.218864 31.298325
1.222291 31.377954
1.225718 31.492452
1.229145 31.631145

1.229145 31.631145
1.231124 31.623372
1.233103 31.601388
1.235081 31.568307
1.237060 31.527447
1.239039 31.481477
1.241017 31.432298
1.242996 31.381218
1.244975 31.329140
1.246953 31.276704
1.248932 31.224379
1.250910 31.172519
1.252889 31.121405
1.254868 31.071258
1.256846 31.022261
1.258825 30.974564
1.260804 30.928291
1.262782 30.883542
1.264761 30.840396
1.266739 30.798912
1.268718 30.759134
1.270697 30.721084
1.272675 30.684773
1.274654 30.650194
1.276633 30.617329
1.278611 30.586147
1.280590 30.556607
1.282569 30.528660
1.284547 30.502250
1.286526 30.477317
1.288504 30.453795
1.290483 30.431617
1.292462 30.410715
1.294440 30.391020
1.296419 30.372464
1.298398 30.354981
1.300376 30.338505
1.302355 30.322975
1.304334 30.308329
1.306312 30.294511
1.308291 30.281465
1.310269 30.269141
1.312248 30.257487
1.314227 30.246458
1.316205 30.236009
1.318184 30.226098
1.320163 30.216685
1.322141 30.207731
1.324120 30.199201
1.326099 30.191059
1.328077 30.183272

1.328077 30.183272
1.332034 30.201084
1.335992 30.211599
1.339949 30.215393
1.343906 30.213295
1.347864 30.206243
1.351821 30.195205
1.355778 30.181118
1.359735 30.164860
1.363692 30.147234
1.367650 30.226087
1.371607 30.379859
1.375564 30.560857
1.379522 30.761312
1.383479 30.974992
1.387436 31.197222
1.391393 31.424540
1.395351 31.654345
1.399308 31.884622
1.403265 32.113753
1.407223 32.340387
1.411180 32.563361
1.415137 32.781647
1.419094 32.994322
1.423051 33.200553
1.427009 33.399597
1.430966 33.590799
1.434923 33.773606
1.438881 33.947575
1.442838 34.112381
1.446795 34.267825
1.450752 34.413823
1.454710 34.550406
1.458667 34.677698
1.462624 34.795897
1.466581 34.905253
1.470539 35.006047
1.474496 35.098573
1.478453 35.183119
1.482411 35.259960
1.486368 35.329351
1.490325 35.391517
1.494282 35.446660
1.498240 35.494950
1.502197 35.536532
1.506154 35.571529
1.510111 35.600038
1.514069 35.622134
1.518026 35.637878
1.521983 35.647308
1.525940 35.650449

1.525940 35.650449
1.529368 35.648094
1.532795 35.641034
1.536222 35.629282
1.539649 35.612861
1.543076 35.591799
1.546503 35.566138
1.549930 35.535925
1.553357 35.501217
1.556784 35.462081
1.560212 35.418591
1.563639 35.370830
1.567066 35.318891
1.570493 35.262877
1.573920 35.202896
1.577347 35.139069
1.580774 35.071525
1.584201 35.000402
1.587628 34.925846
1.591055 34.848015
1.594482 34.767075
1.597910 34.683203
1.601337 34.596584
1.604764 34.507414
1.608191 34.415900
1.611618 34.322258
1.615045 34.226717
1.618472 34.129515
1.621899 34.030901
1.625326 33.931138
1.628753 33.830498
1.632181 33.729267
1.635608 33.627742
1.639035 33.526233
1.642462 33.398751
1.645889 33.184777
1.649316 32.968160
1.652743 32.749793
1.656170 32.530823
1.659597 32.312822
1.663024 32.098083
1.666451 31.890132
1.669879 31.694614
1.673306 31.520584
1.676733 31.381528
1.680160 31.293320
1.683587 31.266328
1.687014 31.298325
1.690441 31.377954
1.693868 31.492452
1.697295 31.631145


0.000000 38.433328
0.005596 38.429728
0.011193 38.418917
0.016789 38.400860
0.022386 38.375502
0.027982 38.342769
0.033578 38.302568
0.039175 38.254789
0.044771 38.199312
0.050368 38.136007
0.055964 38.064740
0.061561 37.985374
0.067157 37.897778
0.072753 37.801825
0.078350 37.697404
0.083946 37.584420
0.089543 37.462798
0.095139 37.332490
0.100736 37.193478
0.106332 37.045777
0.111928 36.889440
0.117525 36.724563
0.123121 36.551284
0.128718 36.369791
0.134314 36.180322
0.139911 35.983166
0.145507 35.778670
0.151103 35.567237
0.156700 35.349334
0.162296 35.125490
0.167893 34.896301
0.173489 34.662437
0.179086 34.424647
0.184682 34.183761
0.190278 33.940710
0.195875 33.696526
0.201471 33.452367
0.207068 33.209528
0.212664 32.969470
0.218260 32.733839
0.223857 32.504501
0.229453 32.283570
0.235050 32.595172
0.240646 33.034536
0.246243 33.456968
0.251839 33.862680
0.257435 34.251891
0.263032 34.624827
0.268628 34.981716
0.274225 35.322789
0.279821 35.648274

0.279821 35.648274
0.282619 35.647269
0.285417 35.644255
0.288216 35.639242
0.291014 35.632246
0.293812 35.623289
0.296610 35.612398
0.299409 35.599608
0.302207 35.584959
0.305005 35.568498
0.307803 35.550278
0.310601 35.530358
0.313400 35.508804
0.316198 35.485688
0.318996 35.461086
0.321794 35.435084
0.324593 35.407770
0.327391 35.379240
0.330189 35.349595
0.332987 35.318944
0.335785 35.287396
0.338583 35.255070
0.341382 35.222088
0.344180 35.188575
0.346978 35.154661
0.349776 35.120481
0.352575 35.086169
0.355373 35.051866
0.358171 35.017711
0.360969 34.983846
0.363767 34.950412
0.366566 34.917550
0.369364 34.885400
0.372162 34.854100
0.374960 34.823784
0.377758 34.794584
0.380557 34.766626
0.383355 34.740033
0.386153 34.714919
0.388951 34.691394
0.391750 34.669560
0.394548 34.649512
0.397346 34.631337
0.400144 34.615113
0.402942 34.600909
0.405741 34.588787
0.408539 34.578798
0.411337 34.570985
0.414135 34.565380
0.416934 34.562007
0.419732 34.560882

0.419732 34.560882
0.421710 34.533705
0.423689 34.505128
0.425668 34.475164
0.427646 34.443825
0.429625 34.411126
0.431603 34.377081
0.433582 34.341707
0.435561 34.305021
0.437539 34.267042
0.439518 34.227789
0.441497 34.187283
0.443475 34.145544
0.445454 34.102596
0.447433 34.058461
0.449411 34.013164
0.451390 33.966730
0.453368 33.919186
0.455347 33.870558
0.457326 33.820876
0.459304 33.770169
0.461283 33.718468
0.463262 33.665804
0.465240 33.612212
0.467219 33.557726
0.469197 33.502383
0.471176 33.446222
0.473155 33.389282
0.475133 33.331607
0.477112 33.273243
0.479091 33.214239
0.481069 33.154646
0.483048 33.094524
0.485027 33.033934
0.487005 32.972947
0.488984 32.911641
0.490963 32.850106
0.492941 32.788447
0.494920 32.726787
0.496898 32.665277
0.498877 32.604105
0.500856 32.543509
0.502834 32.483806
0.504813 32.425426
0.506792 32.368969
0.508770 32.315306
0.510749 32.265712
0.512728 32.222063
0.514706 32.187004
0.516685 32.163841
0.518663 32.155675

0.518663 32.155675
0.524599 32.282532
0.530535 32.416387
0.536471 32.556999
0.542407 32.704079
0.548343 32.857294
0.554279 33.016267
0.560215 33.180577
0.566151 33.349763
0.572087 33.523327
0.578022 33.836165
0.583958 34.259735
0.589894 34.666880
0.595830 35.056524
0.601766 35.427744
0.607702 35.779760
0.613638 36.111936
0.619574 36.423775
0.625510 36.714913
0.631445 36.864642
0.637381 36.873749
0.643317 36.888449
0.649253 36.909229
0.655189 36.936415
0.661125 36.970169
0.667061 37.010495
0.672997 37.057241
0.678933 37.110116
0.684869 37.168702
0.690805 37.232469
0.696740 37.300792
0.702676 37.372969
0.708612 37.448240
0.714548 37.525795
0.720484 37.621247
0.726420 37.722087
0.732356 37.816001
0.738292 37.902999
0.744228 37.983112
0.750164 38.056394
0.756100 38.122909
0.762035 38.182734
0.767971 38.235952
0.773907 38.282651
0.779843 38.322915
0.785779 38.356827
0.791715 38.384461
0.797651 38.405882
0.803587 38.421143
0.809523 38.430284
0.815458 38.433328

0.815458 38.433328
0.820305 38.431076
0.825152 38.424323
0.829998 38.413079
0.834845 38.397362
0.839692 38.377197
0.844538 38.352616
0.849385 38.323661
0.854232 38.290382
0.859078 38.252838
0.863925 38.211101
0.868772 38.165252
0.873618 38.115385
0.878465 38.061609
0.883312 38.004044
0.888158 37.942827
0.893005 37.878110
0.897851 37.810062
0.902698 37.738869
0.907545 37.664732
0.912391 37.587874
0.917238 37.508535
0.922085 37.426971
0.926931 37.343458
0.931778 37.258290
0.936625 37.171778
0.941471 37.084250
0.946318 36.996049
0.951164 36.907533
0.956011 36.819072
0.960858 36.731048
0.965704 36.643855
0.970551 36.557891
0.975398 36.473561
0.980244 36.391273
0.985091 36.311434
0.989938 36.234449
0.994784 36.160718
0.999631 36.090631
1.004478 36.024567
1.009324 35.962889
1.014171 35.905943
1.019017 35.854052
1.023864 35.807516
1.028711 35.766606
1.033557 35.731565
1.038404 35.702601
1.043251 35.679889
1.048097 35.663567
1.052944 35.653734
1.057791 35.650449

1.057791 35.650449
1.061218 35.651734
1.064645 35.655563
1.068072 35.661859
1.071499 35.670492
1.074926 35.681277
1.078353 35.693973
1.081780 35.708277
1.085207 35.723816
1.088634 35.740136
1.092062 35.756686
1.095489 35.772790
1.098916 35.787611
1.102343 35.800101
1.105770 35.808936
1.109197 35.812428
1.112624 35.808462
1.116051 35.794462
1.119478 35.767515
1.122905 35.724716
1.126333 35.663761
1.129760 35.583531
1.133187 35.484320
1.136614 35.367557
1.140041 35.235240
1.143468 35.089449
1.146895 34.932062
1.150322 34.764662
1.153749 34.588547
1.157176 34.404782
1.160603 34.214253
1.164031 34.017723
1.167458 33.815872
1.170885 33.609337
1.174312 33.425063
1.177739 33.324567
1.181166 33.225091
1.184593 33.126997
1.188020 33.030654
1.191447 32.936446
1.194875 32.844763
1.198302 32.756007
1.201729 32.670584
1.205156 32.588905
1.208583 32.511380
1.212010 32.438421
1.215437 32.370428
1.218864 32.307793
1.222291 32.250892
1.225718 32.200078
1.229145 32.155675

1.229145 32.155675
1.231124 32.163841
1.233103 32.187004
1.235081 32.222063
1.237060 32.265712
1.239039 32.315306
1.241017 32.368969
1.242996 32.425426
1.244975 32.483806
1.246953 32.543509
1.248932 32.604105
1.250910 32.665277
1.252889 32.726787
1.254868 32.788447
1.256846 32.850106
1.258825 32.911641
1.260804 32.972947
1.262782 33.033934
1.264761 33.094524
1.266739 33.154646
1.268718 33.214239
1.270697 33.273243
1.272675 33.331607
1.274654 33.389282
1.276633 33.446222
1.278611 33.502383
1.280590 33.557726
1.282569 33.612212
1.284547 33.665804
1.286526 33.718468
1.288504 33.770169
1.290483 33.820876
1.292462 33.870558
1.294440 33.919186
1.296419 33.966730
1.298398 34.013164
1.300376 34.058461
1.302355 34.102596
1.304334 34.145544
1.306312 34.187283
1.308291 34.227789
1.310269 34.267042
1.312248 34.305021
1.314227 34.341707
1.316205 34.377081
1.318184 34.411126
1.320163 34.443825
1.322141 34.475164
1.324120 34.505128
1.326099 34.533705
1.328077 34.560882

1.328077 34.560882
1.332034 34.489761
1.335992 34.427115
1.339949 34.374260
1.343906 34.332290
1.347864 34.302019
1.351821 34.283933
1.355778 34.278190
1.359735 34.284639
1.363692 34.302869
1.367650 34.332272
1.371607 34.372111
1.375564 34.421573
1.379522 34.479829
1.383479 34.546065
1.387436 34.619511
1.391393 34.699458
1.395351 34.785268
1.399308 34.876374
1.403265 34.972281
1.407223 35.072561
1.411180 35.176842
1.415137 35.284802
1.419094 35.396154
1.423051 35.510628
1.427009 35.627954
1.430966 35.747845
1.434923 35.869971
1.438881 35.993948
1.442838 36.046712
1.446795 36.033452
1.450752 36.017217
1.454710 35.998356
1.458667 35.977231
1.462624 35.954219
1.466581 35.929712
1.470539 35.904108
1.474496 35.877817
1.478453 35.851254
1.482411 35.824835
1.486368 35.798975
1.490325 35.774081
1.494282 35.750552
1.498240 35.728766
1.502197 35.709080
1.506154 35.691819
1.510111 35.677275
1.514069 35.665693
1.518026 35.657274
1.521983 35.652163
1.525940 35.650449

1.525940 35.650449
1.529368 35.651734
1.532795 35.655563
1.536222 35.661859
1.539649 35.670492
1.543076 35.681277
1.546503 35.693973
1.549930 35.708277
1.553357 35.723816
1.556784 35.740136
1.560212 35.756686
1.563639 35.772790
1.567066 35.787611
1.570493 35.800101
1.573920 35.808936
1.577347 35.812428
1.580774 35.808462
1.584201 35.794462
1.587628 35.767515
1.591055 35.724716
1.594482 35.663761
1.597910 35.583531
1.601337 35.484320
1.604764 35.367557
1.608191 35.235240
1.611618 35.089449
1.615045 34.932062
1.618472 34.764662
1.621899 34.588547
1.625326 34.404782
1.628753 34.214253
1.632181 34.017723
1.635608 33.815872
1.639035 33.609337
1.642462 33.425063
1.645889 33.324566
1.649316 33.225091
1.652743 33.126997
1.656170 33.030654
1.659597 32.936446
1.663024 32.844763
1.666451 32.756007
1.669879 32.670584
1.673306 32.588905
1.676733 32.511380
1.680160 32.438421
1.683587 32.370428
1.687014 32.307793
1.690441 32.250892
1.693868 32.200078
1.697295 32.155675


0.000000 38.433328
0.005596 38.436618
0.011193 38.446442
0.016789 38.462661
0.022386 38.485045
0.027982 38.513277
0.033578 38.546957
0.039175 38.585608
0.044771 38.628682
0.050368 38.675565
0.055964 38.725589
0.061561 38.778036
0.067157 38.832150
0.072753 38.887143
0.078350 38.942207
0.083946 38.996517
0.089543 39.049245
0.095139 39.099566
0.100736 39.146661
0.106332 39.189730
0.111928 39.227994
0.117525 39.260701
0.123121 39.287129
0.128718 39.306594
0.134314 39.318446
0.139911 39.322077
0.145507 39.316918
0.151103 39.302442
0.156700 39.278162
0.162296 39.243632
0.167893 39.198442
0.173489 39.142221
0.179086 39.074630
0.184682 38.995363
0.190278 38.904140
0.195875 38.800705
0.201471 38.684827
0.207068 38.556289
0.212664 38.414891
0.218260 38.260441
0.223857 38.092758
0.229453 37.911663
0.235050 37.716980
0.240646 37.508533
0.246243 37.286142
0.251839 37.049624
0.257435 36.798790
0.263032 36.533444
0.268628 36.253383
0.274225 35.958399
0.279821 35.648274

0.279821 35.648274
0.282619 35.647269
0.285417 35.644255
0.288216 35.639242
0.291014 35.632246
0.293812 35.623289
0.296610 35.612398
0.299409 35.599608
0.302207 35.584959
0.305005 35.568498
0.307803 35.550278
0.310601 35.530358
0.313400 35.508804
0.316198 35.485688
0.318996 35.461086
0.321794 35.435084
0.324593 35.407770
0.327391 35.379240
0.330189 35.349595
0.332987 35.318944
0.335785 35.287396
0.338583 35.255070
0.341382 35.222088
0.344180 35.188575
0.346978 35.154661
0.349776 35.120481
0.352575 35.086169
0.355373 35.051866
0.358171 35.017711
0.360969 34.983846
0.363767 34.950412
0.366566 34.917550
0.369364 34.885400
0.372162 34.854100
0.374960 34.823784
0.377758 34.794584
0.380557 34.766626
0.383355 34.740033
0.386153 34.714919
0.388951 34.691394
0.391750 34.669560
0.394548 34.649512
0.397346 34.631337
0.400144 34.615113
0.402942 34.600909
0.405741 34.588787
0.408539 34.578798
0.411337 34.570985
0.414135 34.565380
0.416934 34.562007
0.419732 34.560882

0.419732 34.560882
0.421710 34.589463
0.423689 34.622102
0.425668 34.658545
0.427646 34.698525
0.429625 34.741763
0.431603 34.787973
0.433582 34.836865
0.435561 34.888150
0.437539 34.941541
0.439518 34.996755
0.441497 35.053519
0.443475 35.111565
0.445454 35.170638
0.447433 35.230491
0.449411 35.290891
0.451390 35.351613
0.453368 35.412447
0.455347 35.473191
0.457326 35.533657
0.459304 35.593667
0.461283 35.653052
0.463262 35.711654
0.465240 35.769325
0.467219 35.825927
0.469197 35.881328
0.471176 35.935407
0.473155 35.988049
0.475133 36.039147
0.477112 36.088601
0.479091 36.136317
0.481069 36.182210
0.483048 36.226197
0.485027 36.268203
0.487005 36.308158
0.488984 36.345998
0.490963 36.381662
0.492941 36.415095
0.494920 36.446247
0.496898 36.475072
0.498877 36.501526
0.500856 36.525573
0.502834 36.547178
0.504813 36.566311
0.506792 36.582946
0.508770 36.597059
0.510749 36.608633
0.512728 36.617650
0.514706 36.624100
0.516685 36.627973
0.518663 36.629265

0.518663 36.629265
0.524599 36.683454
0.530535 36.731612
0.536471 36.773483
0.542407 36.808942
0.548343 36.837994
0.554279 36.860780
0.560215 36.877573
0.566151 36.888779
0.572087 36.894931
0.578022 36.896686
0.583958 36.894813
0.589894 36.890182
0.595830 36.883745
0.601766 36.876515
0.607702 36.869538
0.613638 36.863867
0.619574 36.860528
0.625510 36.860492
0.631445 36.985121
0.637381 37.234299
0.643317 37.462476
0.649253 37.669805
0.655189 37.856558
0.661125 38.023130
0.667061 38.170026
0.672997 38.297865
0.678933 38.407368
0.684869 38.499359
0.690805 38.574754
0.696740 38.634557
0.702676 38.679853
0.708612 38.711796
0.714548 38.731601
0.720484 38.740537
0.726420 38.739909
0.732356 38.731053
0.738292 38.715317
0.744228 38.694049
0.750164 38.668585
0.756100 38.640230
0.762035 38.610243
0.767971 38.579823
0.773907 38.550095
0.779843 38.522092
0.785779 38.496739
0.791715 38.474847
0.797651 38.457096
0.803587 38.444023
0.809523 38.436022
0.815458 38.433328

0.815458 38.433328
0.820305 38.434903
0.825152 38.439606
0.829998 38.447373
0.834845 38.458097
0.839692 38.471630
0.844538 38.487784
0.849385 38.506336
0.854232 38.527025
0.859078 38.549561
0.863925 38.573623
0.868772 38.598866
0.873618 38.624922
0.878465 38.651407
0.883312 38.677922
0.888158 38.704055
0.893005 38.729392
0.897851 38.753515
0.902698 38.776008
0.907545 38.796459
0.912391 38.814468
0.917238 38.829647
0.922085 38.841625
0.926931 38.850051
0.931778 38.854600
0.936625 38.854974
0.941471 38.850908
0.946318 38.842171
0.951164 38.828574
0.956011 38.809974
0.960858 38.786277
0.965704 38.757446
0.970551 38.723508
0.975398 38.684559
0.980244 38.640776
0.985091 38.592425
0.989938 38.539873
0.994784 38.483599
0.999631 38.424206
1.004478 38.362436
1.009324 38.299177
1.014171 38.235475
1.019017 38.172531
1.023864 38.111694
1.028711 38.054436
1.033557 38.002312
1.038404 37.956898
1.043251 37.919697
1.048097 37.892045
1.052944 37.875000
1.057791 37.869239

1.057791 37.869239
1.061218 37.865511
1.064645 37.854341
1.068072 37.835775
1.071499 37.809888
1.074926 37.776794
1.078353 37.736643
1.081780 37.689635
1.085207 37.636027
1.088634 37.576146
1.092062 37.510414
1.095489 37.439372
1.098916 37.363722
1.102343 37.284378
1.105770 37.202541
1.109197 37.119772
1.112624 37.038079
1.116051 36.959932
1.119478 36.888155
1.122905 36.825573
1.126333 36.774429
1.129760 36.735789
1.133187 36.709323
1.136614 36.693588
1.140041 36.686578
1.143468 36.686232
1.146895 36.690704
1.150322 36.698465
1.153749 36.708293
1.157176 36.719223
1.160603 36.730498
1.164031 36.741518
1.167458 36.751805
1.170885 36.760978
1.174312 36.768729
1.177739 36.774812
1.181166 36.779031
1.184593 36.781234
1.188020 36.781310
1.191447 36.779182
1.194875 36.774813
1.198302 36.768199
1.201729 36.759376
1.205156 36.748420
1.208583 36.735452
1.212010 36.720642
1.215437 36.704217
1.218864 36.686464
1.222291 36.667745
1.225718 36.648501
1.229145 36.629265

1.229145 36.629265
1.231124 36.627973
1.233103 36.624100
1.235081 36.617650
1.237060 36.608633
1.239039 36.597059
1.241017 36.582946
1.242996 36.566311
1.244975 36.547178
1.246953 36.525573
1.248932 36.501526
1.250910 36.475072
1.252889 36.446247
1.254868 36.415095
1.256846 36.381662
1.258825 36.345998
1.260804 36.308158
1.262782 36.268203
1.264761 36.226197
1.266739 36.182210
1.268718 36.136317
1.270697 36.088601
1.272675 36.039147
1.274654 35.988049
1.276633 35.935407
1.278611 35.881328
1.280590 35.825927
1.282569 35.769325
1.284547 35.711654
1.286526 35.653052
1.288504 35.593667
1.290483 35.533657
1.292462 35.473191
1.294440 35.412447
1.296419 35.351613
1.298398 35.290891
1.300376 35.230491
1.302355 35.170638
1.304334 35.111565
1.306312 35.053519
1.308291 34.996755
1.310269 34.941541
1.312248 34.888150
1.314227 34.836865
1.316205 34.787973
1.318184 34.741763
1.320163 34.698525
1.322141 34.658545
1.324120 34.622102
1.326099 34.589463
1.328077 34.560882

1.328077 34.560882
1.332034 34.639019
1.335992 34.722654
1.339949 34.810278
1.343906 34.900450
1.347864 34.991831
1.351821 35.083217
1.355778 35.173540
1.359735 35.261876
1.363692 35.347434
1.367650 35.429552
1.371607 35.507682
1.375564 35.581378
1.379522 35.650290
1.383479 35.714145
1.387436 35.772747
1.391393 35.825960
1.395351 35.873704
1.399308 35.915953
1.403265 35.952720
1.407223 35.984062
1.411180 36.010070
1.415137 36.030868
1.419094 36.046609
1.423051 36.057475
1.427009 36.063672
1.430966 36.065432
1.434923 36.063005
1.438881 36.056668
1.442838 36.119314
1.446795 36.245528
1.450752 36.371969
1.454710 36.497937
1.458667 36.622674
1.462624 36.745382
1.466581 36.865241
1.470539 36.981434
1.474496 37.093164
1.478453 37.199671
1.482411 37.300240
1.486368 37.394213
1.490325 37.480990
1.494282 37.560032
1.498240 37.630864
1.502197 37.693069
1.506154 37.746292
1.510111 37.790237
1.514069 37.824663
1.518026 37.849384
1.521983 37.864269
1.525940 37.869239

1.525940 37.869239
1.529368 37.865511
1.532795 37.854341
1.536222 37.835775
1.539649 37.809888
1.543076 37.776794
1.546503 37.736643
1.549930 37.689635
1.553357 37.636027
1.556784 37.576146
1.560212 37.510414
1.563639 37.439372
1.567066 37.363722
1.570493 37.284378
1.573920 37.202541
1.577347 37.119772
1.580774 37.038079
1.584201 36.959932
1.587628 36.888155
1.591055 36.825573
1.594482 36.774429
1.597910 36.735789
1.601337 36.709323
1.604764 36.693588
1.608191 36.686578
1.611618 36.686232
1.615045 36.690704
1.618472 36.698465
1.621899 36.708293
1.625326 36.719223
1.628753 36.730498
1.632181 36.741518
1.635608 36.751805
1.639035 36.760978
1.642462 36.768729
1.645889 36.774812
1.649316 36.779031
1.652743 36.781234
1.656170 36.781310
1.659597 36.779182
1.663024 36.774813
1.666451 36.768199
1.669879 36.759376
1.673306 36.748420
1.676733 36.735452
1.680160 36.720642
1.683587 36.704217
1.687014 36.686464
1.690441 36.667745
1.693868 36.648501
1.697295 36.629265


