54   
1    

1    
  0.0100000000000000   0.0000000000000009   0.0000000000000006
  -0.4418747400    0.0039787000    0.0028134300
   0.0327058700   -0.0075307500   -0.0053251100
   0.0319745900    0.0075764500    0.0053573200
   0.0004166500    0.0260741000   -0.0084401300
   0.0012284900   -0.0000166200    0.0000361200
   0.0003594100   -0.0259940300    0.0085809200
   0.0003942600    0.0108689100   -0.0031039700
   0.0003257400   -0.0108810200    0.0032330300
   0.0012862700    0.0000275600    0.0000638000
   0.0004166800    0.0007339800    0.0273963000
   0.0012284900    0.0000285100   -0.0000276800
   0.0003594000   -0.0005745100   -0.0273677100
   0.0003794500    0.0004778900    0.0003379200
   0.0003669700   -0.0005095400   -0.0003602500
   0.0009009900   -0.0000029000   -0.0000020200
  -0.0007448500    0.0000308500   -0.0000490900
   0.0011225100   -0.0001152800    0.0001945500
   0.0010844300    0.0001185800   -0.0002387400
   0.0003942500    0.0006965200    0.0112819900
   0.0003257400   -0.0005788700   -0.0113364700
   0.0012862500    0.0000693600    0.0000047200
  -0.0007448500   -0.0000360100    0.0000454500
   0.0011225000    0.0001449600   -0.0001735200
   0.0010844600   -0.0001856200    0.0001913600
   0.0004456000    0.0005073000    0.0003587100
   0.0008171100   -0.0000003900   -0.0000003400
   0.0003832800   -0.0004994500   -0.0003531500
   0.1107043200    0.0232381800    0.0164318400
   0.1164650500   -0.0269522400   -0.0190581100
   0.0027092200   -0.0000060900   -0.0000043400
   0.0701526300   -0.0003063100   -0.0001221200
  -0.0022257400   -0.0000096800   -0.0008128400
  -0.0022752300    0.0000713800    0.0007584900
   0.0037121000   -0.0006113700    0.0027149300
  -0.0021797400   -0.0000313400   -0.0000100600
   0.0037621300    0.0005752300   -0.0027064300
   0.0701525900   -0.0002172400   -0.0002481000
  -0.0022257200   -0.0007695500    0.0002618600
  -0.0022752400    0.0007389300   -0.0001855000
  -0.0016781800   -0.0010513100   -0.0007433700
  -0.0007378800    0.0000029300    0.0000020800
  -0.0016630200    0.0010976400    0.0007761800
  -0.0003891200   -0.0003787000   -0.0009558700
  -0.0003649600    0.0003060500    0.0010101500
  -0.0005356300   -0.0000235600    0.0000156600
   0.0037121100    0.0023558900   -0.0014813800
  -0.0021797600   -0.0000199500   -0.0000262100
   0.0037621100   -0.0023598600    0.0014444600
  -0.0003891300   -0.0010274100   -0.0000383800
  -0.0003649500    0.0010543700   -0.0000481900
  -0.0005356200    0.0000068800   -0.0000273900
  -0.0003470100   -0.0000292600   -0.0000206700
  -0.0008922500    0.0001819500    0.0001286300
  -0.0009180000   -0.0002442800   -0.0001727600
