   1.73650647787684      -0.352268302349991      -6.946554721124819E-019
 -1.538056732382807E-019 -1.301042606982605E-018  6.720387633688663E-019
 -6.797349703568984E-019  2.168404344971009E-019  2.357121846343172E-002
 -1.066033064040399E-020 -3.651013131748160E-020  1.084202172485504E-019
 -6.481623531102622E-020  7.158333337440389E-020 -5.421010862427522E-020
   6.42316669235313      -1.380155960381115E-014  3.271449404005975E-015
  -9.50567462325806       1.020595575290510E-014 -2.366698557244990E-015
   6.42316669235313      -6.498274141009119E-015  1.022327939643511E-014
  -9.50567462325806       4.794775687599895E-015   6.42316669235312     
 -2.370467221693106E-015  4.764882227547739E-015  -9.50567462325806     
   3.63027560505659      -7.772268433634949E-015  1.804187624367025E-015
   3.63027560505659      -3.632510958695434E-015   3.63027560505659     
   1.73650647787684      -0.352268302349991       8.030754109532549E-019
  5.874861337030555E-019  1.301042606982605E-018 -4.551981704505940E-019
 -6.213071284284646E-019 -2.168404344971009E-019  2.357121846343172E-002
 -2.891837963402327E-021  3.651024571882967E-020 -1.219727444046192E-019
  9.192112846942642E-020  2.536772064190901E-019 -8.131516293641283E-020
   6.42316669235313      -1.380155961275664E-014  3.271449410129331E-015
  -9.50567462325806       1.017820018542676E-014 -2.366698565786904E-015
   6.42316669235313      -6.498274141009119E-015  1.023021829522011E-014
  -9.50567462325806       4.805184028455756E-015   6.42316669235313     
 -2.370467231271313E-015  4.764882229248542E-015  -9.50567462325807     
   3.63027560505659      -7.765329547499206E-015  1.811126524782267E-015
   3.63027560505659      -3.629041511743480E-015   3.63027560505659     
