   1.84460169508844      -0.545118840484654       4.860703908065860E-003
  4.860703344712599E-003 -4.860703517049923E-003 -4.274357302326784E-003
 -4.274355753313225E-003  4.274356170318616E-003  4.469677450808055E-002
 -8.759427166867438E-004 -8.759411103166336E-004  8.759402162735978E-004
  7.685648964046148E-004  7.685633829151049E-004 -7.685627406320447E-004
   7.07364875858152      -2.000091816807906E-002  2.000092146123410E-002
  -10.8382831268321       1.798026232172429E-002 -1.798026489408760E-002
   7.07364876569854       2.000089246929764E-002  1.798025897182944E-002
  -10.8382831423820      -1.798023333853375E-002   7.07364877657320     
 -1.798026357639196E-002 -1.798023293366146E-002  -10.8382831655255     
   4.24612927795389      -1.563612071132900E-002  1.563612509804691E-002
   4.24612928552073       1.563609450824409E-002   4.24612929690996     
   1.84460319719144      -0.545117897097313      -4.855927219227947E-003
 -4.855927656690603E-003  4.855931551480970E-003  4.268755335785609E-003
  4.268755729823394E-003 -4.268761739579873E-003  4.469658531523173E-002
  8.686091895059626E-004  8.686109053065654E-004 -8.686090290699146E-004
 -7.629446533001650E-004 -7.629460943270916E-004  7.629449165241520E-004
   7.07364429226224      -1.998994223630158E-002  1.998994968210725E-002
  -10.8382698312373       1.796410353407850E-002 -1.796410906930816E-002
   7.07364430054303       1.998992439791817E-002  1.796409814614515E-002
  -10.8382698498215      -1.796408008298986E-002   7.07364431035534     
 -1.796410857907505E-002 -1.796408195548212E-002  -10.8382698702140     
   4.24612268085146      -1.561866195138320E-002  1.561866967210648E-002
   4.24612269020931       1.561864234030468E-002   4.24612269965078     
