   1.73363197675132      -0.349787532822622       4.610697414011678E-003
  4.610697414011688E-003 -4.610697414011697E-003 -4.098605407266528E-003
 -4.098605407266536E-003  4.098605407266541E-003  2.331837073595041E-002
 -7.141515965034744E-004 -7.141515965034745E-004  7.141515965034748E-004
  6.079365874832372E-004  6.079365874832372E-004 -6.079365874832374E-004
   6.39291027579216      -1.901853812371540E-002  1.901853812370456E-002
  -9.45275612440432       1.694858972177185E-002 -1.694858972176380E-002
   6.39291027579216       1.901853812369672E-002  1.694858972177186E-002
  -9.45275612440433      -1.694858972175809E-002   6.39291027579216     
 -1.694858972176376E-002 -1.694858972175808E-002  -9.45275612440432     
   3.60694650302030      -1.445619027273394E-002  1.445619027272776E-002
   3.60694650302030       1.445619027272348E-002   3.60694650302030     
   1.73361446425899      -0.349798636814347      -4.606640371844656E-003
 -4.606640371844671E-003  4.606640371844676E-003  4.097789284631435E-003
  4.097789284631443E-003 -4.097789284631448E-003  2.331930684325815E-002
  7.024805715351290E-004  7.024805715351292E-004 -7.024805715351295E-004
 -6.000960341302987E-004 -6.000960341302987E-004  6.000960341302990E-004
   6.39318954326630      -1.901754258376799E-002  1.901754258375714E-002
  -9.45340748227208       1.694268652236829E-002 -1.694268652236022E-002
   6.39318954326631       1.901754258374930E-002  1.694268652236829E-002
  -9.45340748227209      -1.694268652235451E-002   6.39318954326630     
 -1.694268652236019E-002 -1.694268652235451E-002  -9.45340748227208     
   3.60726531485574      -1.444960352729398E-002  1.444960352728780E-002
   3.60726531485574       1.444960352728352E-002   3.60726531485574     
