  1568
     1    0.000000    0.000000   -0.798971       0.000364
     2   -0.066581    0.066581   -0.732390       0.000364
     3   -0.133162    0.133162   -0.665809       0.000364
     4   -0.199743    0.199743   -0.599228       0.000364
     5   -0.266324    0.266324   -0.532647       0.000364
     6   -0.332905    0.332905   -0.466067       0.000364
     7   -0.399486    0.399486   -0.399486       0.000364
     8   -0.466067    0.466067   -0.332905       0.000364
     9   -0.532647    0.532647   -0.266324       0.000364
    10   -0.599228    0.599228   -0.199743       0.000364
    11   -0.665809    0.665809   -0.133162       0.000364
    12   -0.732390    0.732390   -0.066581       0.000364
    13   -0.798971    0.798971    0.000000       0.000364
    14   -0.865552    0.865552    0.066581       0.000364
    15    0.066581   -0.066581   -0.732390       0.000364
    16    0.000000    0.000000   -0.665809       0.000364
    17   -0.066581    0.066581   -0.599228       0.000364
    18   -0.133162    0.133162   -0.532647       0.000364
    19   -0.199743    0.199743   -0.466067       0.000364
    20   -0.266324    0.266324   -0.399486       0.000364
    21   -0.332905    0.332905   -0.332905       0.000364
    22   -0.399486    0.399486   -0.266324       0.000364
    23   -0.466067    0.466067   -0.199743       0.000364
    24   -0.532647    0.532647   -0.133162       0.000364
    25   -0.599228    0.599228   -0.066581       0.000364
    26   -0.665809    0.665809    0.000000       0.000364
    27   -0.732390    0.732390    0.066581       0.000364
    28   -0.798971    0.798971    0.133162       0.000364
    29    0.133162   -0.133162   -0.665809       0.000364
    30    0.066581   -0.066581   -0.599228       0.000364
    31    0.000000    0.000000   -0.532647       0.000364
    32   -0.066581    0.066581   -0.466067       0.000364
    33   -0.133162    0.133162   -0.399486       0.000364
    34   -0.199743    0.199743   -0.332905       0.000364
    35   -0.266324    0.266324   -0.266324       0.000364
    36   -0.332905    0.332905   -0.199743       0.000364
    37   -0.399486    0.399486   -0.133162       0.000364
    38   -0.466067    0.466067   -0.066581       0.000364
    39   -0.532647    0.532647    0.000000       0.000364
    40   -0.599228    0.599228    0.066581       0.000364
    41   -0.665809    0.665809    0.133162       0.000364
    42   -0.732390    0.732390    0.199743       0.000364
    43    0.199743   -0.199743   -0.599228       0.000364
    44    0.133162   -0.133162   -0.532647       0.000364
    45    0.066581   -0.066581   -0.466067       0.000364
    46    0.000000    0.000000   -0.399486       0.000364
    47   -0.066581    0.066581   -0.332905       0.000364
    48   -0.133162    0.133162   -0.266324       0.000364
    49   -0.199743    0.199743   -0.199743       0.000364
    50   -0.266324    0.266324   -0.133162       0.000364
    51   -0.332905    0.332905   -0.066581       0.000364
    52   -0.399486    0.399486    0.000000       0.000364
    53   -0.466067    0.466067    0.066581       0.000364
    54   -0.532647    0.532647    0.133162       0.000364
    55   -0.599228    0.599228    0.199743       0.000364
    56   -0.665809    0.665809    0.266324       0.000364
    57    0.266324   -0.266324   -0.532647       0.000364
    58    0.199743   -0.199743   -0.466067       0.000364
    59    0.133162   -0.133162   -0.399486       0.000364
    60    0.066581   -0.066581   -0.332905       0.000364
    61    0.000000    0.000000   -0.266324       0.000364
    62   -0.066581    0.066581   -0.199743       0.000364
    63   -0.133162    0.133162   -0.133162       0.000364
    64   -0.199743    0.199743   -0.066581       0.000364
    65   -0.266324    0.266324    0.000000       0.000364
    66   -0.332905    0.332905    0.066581       0.000364
    67   -0.399486    0.399486    0.133162       0.000364
    68   -0.466067    0.466067    0.199743       0.000364
    69   -0.532647    0.532647    0.266324       0.000364
    70   -0.599228    0.599228    0.332905       0.000364
    71    0.332905   -0.332905   -0.466067       0.000364
    72    0.266324   -0.266324   -0.399486       0.000364
    73    0.199743   -0.199743   -0.332905       0.000364
    74    0.133162   -0.133162   -0.266324       0.000364
    75    0.066581   -0.066581   -0.199743       0.000364
    76    0.000000    0.000000   -0.133162       0.000364
    77   -0.066581    0.066581   -0.066581       0.000364
    78   -0.133162    0.133162    0.000000       0.000364
    79   -0.199743    0.199743    0.066581       0.000364
    80   -0.266324    0.266324    0.133162       0.000364
    81   -0.332905    0.332905    0.199743       0.000364
    82   -0.399486    0.399486    0.266324       0.000364
    83   -0.466067    0.466067    0.332905       0.000364
    84   -0.532647    0.532647    0.399486       0.000364
    85    0.399486   -0.399486   -0.399486       0.000364
    86    0.332905   -0.332905   -0.332905       0.000364
    87    0.266324   -0.266324   -0.266324       0.000364
    88    0.199743   -0.199743   -0.199743       0.000364
    89    0.133162   -0.133162   -0.133162       0.000364
    90    0.066581   -0.066581   -0.066581       0.000364
    91    0.000000    0.000000    0.000000       0.000364
    92   -0.066581    0.066581    0.066581       0.000364
    93   -0.133162    0.133162    0.133162       0.000364
    94   -0.199743    0.199743    0.199743       0.000364
    95   -0.266324    0.266324    0.266324       0.000364
    96   -0.332905    0.332905    0.332905       0.000364
    97   -0.399486    0.399486    0.399486       0.000364
    98   -0.466067    0.466067    0.466067       0.000364
    99    0.466067   -0.466067   -0.332905       0.000364
   100    0.399486   -0.399486   -0.266324       0.000364
   101    0.332905   -0.332905   -0.199743       0.000364
   102    0.266324   -0.266324   -0.133162       0.000364
   103    0.199743   -0.199743   -0.066581       0.000364
   104    0.133162   -0.133162    0.000000       0.000364
   105    0.066581   -0.066581    0.066581       0.000364
   106    0.000000    0.000000    0.133162       0.000364
   107   -0.066581    0.066581    0.199743       0.000364
   108   -0.133162    0.133162    0.266324       0.000364
   109   -0.199743    0.199743    0.332905       0.000364
   110   -0.266324    0.266324    0.399486       0.000364
   111   -0.332905    0.332905    0.466067       0.000364
   112   -0.399486    0.399486    0.532647       0.000364
   113    0.532647   -0.532647   -0.266324       0.000364
   114    0.466067   -0.466067   -0.199743       0.000364
   115    0.399486   -0.399486   -0.133162       0.000364
   116    0.332905   -0.332905   -0.066581       0.000364
   117    0.266324   -0.266324    0.000000       0.000364
   118    0.199743   -0.199743    0.066581       0.000364
   119    0.133162   -0.133162    0.133162       0.000364
   120    0.066581   -0.066581    0.199743       0.000364
   121    0.000000    0.000000    0.266324       0.000364
   122   -0.066581    0.066581    0.332905       0.000364
   123   -0.133162    0.133162    0.399486       0.000364
   124   -0.199743    0.199743    0.466067       0.000364
   125   -0.266324    0.266324    0.532647       0.000364
   126   -0.332905    0.332905    0.599228       0.000364
   127    0.599228   -0.599228   -0.199743       0.000364
   128    0.532647   -0.532647   -0.133162       0.000364
   129    0.466067   -0.466067   -0.066581       0.000364
   130    0.399486   -0.399486    0.000000       0.000364
   131    0.332905   -0.332905    0.066581       0.000364
   132    0.266324   -0.266324    0.133162       0.000364
   133    0.199743   -0.199743    0.199743       0.000364
   134    0.133162   -0.133162    0.266324       0.000364
   135    0.066581   -0.066581    0.332905       0.000364
   136    0.000000    0.000000    0.399486       0.000364
   137   -0.066581    0.066581    0.466067       0.000364
   138   -0.133162    0.133162    0.532647       0.000364
   139   -0.199743    0.199743    0.599228       0.000364
   140   -0.266324    0.266324    0.665809       0.000364
   141    0.665809   -0.665809   -0.133162       0.000364
   142    0.599228   -0.599228   -0.066581       0.000364
   143    0.532647   -0.532647    0.000000       0.000364
   144    0.466067   -0.466067    0.066581       0.000364
   145    0.399486   -0.399486    0.133162       0.000364
   146    0.332905   -0.332905    0.199743       0.000364
   147    0.266324   -0.266324    0.266324       0.000364
   148    0.199743   -0.199743    0.332905       0.000364
   149    0.133162   -0.133162    0.399486       0.000364
   150    0.066581   -0.066581    0.466067       0.000364
   151    0.000000    0.000000    0.532647       0.000364
   152   -0.066581    0.066581    0.599228       0.000364
   153   -0.133162    0.133162    0.665809       0.000364
   154   -0.199743    0.199743    0.732390       0.000364
   155    0.732390   -0.732390   -0.066581       0.000364
   156    0.665809   -0.665809    0.000000       0.000364
   157    0.599228   -0.599228    0.066581       0.000364
   158    0.532647   -0.532647    0.133162       0.000364
   159    0.466067   -0.466067    0.199743       0.000364
   160    0.399486   -0.399486    0.266324       0.000364
   161    0.332905   -0.332905    0.332905       0.000364
   162    0.266324   -0.266324    0.399486       0.000364
   163    0.199743   -0.199743    0.466067       0.000364
   164    0.133162   -0.133162    0.532647       0.000364
   165    0.066581   -0.066581    0.599228       0.000364
   166    0.000000    0.000000    0.665809       0.000364
   167   -0.066581    0.066581    0.732390       0.000364
   168   -0.133162    0.133162    0.798971       0.000364
   169    0.798971   -0.798971    0.000000       0.000364
   170    0.732390   -0.732390    0.066581       0.000364
   171    0.665809   -0.665809    0.133162       0.000364
   172    0.599228   -0.599228    0.199743       0.000364
   173    0.532647   -0.532647    0.266324       0.000364
   174    0.466067   -0.466067    0.332905       0.000364
   175    0.399486   -0.399486    0.399486       0.000364
   176    0.332905   -0.332905    0.466067       0.000364
   177    0.266324   -0.266324    0.532647       0.000364
   178    0.199743   -0.199743    0.599228       0.000364
   179    0.133162   -0.133162    0.665809       0.000364
   180    0.066581   -0.066581    0.732390       0.000364
   181    0.000000    0.000000    0.798971       0.000364
   182   -0.066581    0.066581    0.865552       0.000364
   183    0.865552   -0.865552    0.066581       0.000364
   184    0.798971   -0.798971    0.133162       0.000364
   185    0.732390   -0.732390    0.199743       0.000364
   186    0.665809   -0.665809    0.266324       0.000364
   187    0.599228   -0.599228    0.332905       0.000364
   188    0.532647   -0.532647    0.399486       0.000364
   189    0.466067   -0.466067    0.466067       0.000364
   190    0.399486   -0.399486    0.532647       0.000364
   191    0.332905   -0.332905    0.599228       0.000364
   192    0.266324   -0.266324    0.665809       0.000364
   193    0.199743   -0.199743    0.732390       0.000364
   194    0.133162   -0.133162    0.798971       0.000364
   195    0.066581   -0.066581    0.865552       0.000364
   196    0.000000    0.000000    0.932133       0.000364
   197    0.066581    0.066581   -0.865552       0.000729
   198    0.000000    0.133162   -0.798971       0.000729
   199   -0.066581    0.199743   -0.732390       0.000729
   200   -0.133162    0.266324   -0.665809       0.000729
   201   -0.199743    0.332905   -0.599228       0.000729
   202   -0.266324    0.399486   -0.532647       0.000729
   203   -0.332905    0.466067   -0.466067       0.000729
   204   -0.399486    0.532647   -0.399486       0.000729
   205   -0.466067    0.599228   -0.332905       0.000729
   206   -0.532647    0.665809   -0.266324       0.000729
   207   -0.599228    0.732390   -0.199743       0.000729
   208   -0.665809    0.798971   -0.133162       0.000729
   209   -0.732390    0.865552   -0.066581       0.000729
   210   -0.798971    0.932133    0.000000       0.000729
   211    0.133162    0.000000   -0.798971       0.000729
   212    0.066581    0.066581   -0.732390       0.000729
   213    0.000000    0.133162   -0.665809       0.000729
   214   -0.066581    0.199743   -0.599228       0.000729
   215   -0.133162    0.266324   -0.532647       0.000729
   216   -0.199743    0.332905   -0.466067       0.000729
   217   -0.266324    0.399486   -0.399486       0.000729
   218   -0.332905    0.466067   -0.332905       0.000729
   219   -0.399486    0.532647   -0.266324       0.000729
   220   -0.466067    0.599228   -0.199743       0.000729
   221   -0.532647    0.665809   -0.133162       0.000729
   222   -0.599228    0.732390   -0.066581       0.000729
   223   -0.665809    0.798971    0.000000       0.000729
   224   -0.732390    0.865552    0.066581       0.000729
   225    0.199743   -0.066581   -0.732390       0.000729
   226    0.133162    0.000000   -0.665809       0.000729
   227    0.066581    0.066581   -0.599228       0.000729
   228    0.000000    0.133162   -0.532647       0.000729
   229   -0.066581    0.199743   -0.466067       0.000729
   230   -0.133162    0.266324   -0.399486       0.000729
   231   -0.199743    0.332905   -0.332905       0.000729
   232   -0.266324    0.399486   -0.266324       0.000729
   233   -0.332905    0.466067   -0.199743       0.000729
   234   -0.399486    0.532647   -0.133162       0.000729
   235   -0.466067    0.599228   -0.066581       0.000729
   236   -0.532647    0.665809    0.000000       0.000729
   237   -0.599228    0.732390    0.066581       0.000729
   238   -0.665809    0.798971    0.133162       0.000729
   239    0.266324   -0.133162   -0.665809       0.000729
   240    0.199743   -0.066581   -0.599228       0.000729
   241    0.133162    0.000000   -0.532647       0.000729
   242    0.066581    0.066581   -0.466067       0.000729
   243    0.000000    0.133162   -0.399486       0.000729
   244   -0.066581    0.199743   -0.332905       0.000729
   245   -0.133162    0.266324   -0.266324       0.000729
   246   -0.199743    0.332905   -0.199743       0.000729
   247   -0.266324    0.399486   -0.133162       0.000729
   248   -0.332905    0.466067   -0.066581       0.000729
   249   -0.399486    0.532647    0.000000       0.000729
   250   -0.466067    0.599228    0.066581       0.000729
   251   -0.532647    0.665809    0.133162       0.000729
   252   -0.599228    0.732390    0.199743       0.000729
   253    0.332905   -0.199743   -0.599228       0.000729
   254    0.266324   -0.133162   -0.532647       0.000729
   255    0.199743   -0.066581   -0.466067       0.000729
   256    0.133162    0.000000   -0.399486       0.000729
   257    0.066581    0.066581   -0.332905       0.000729
   258    0.000000    0.133162   -0.266324       0.000729
   259   -0.066581    0.199743   -0.199743       0.000729
   260   -0.133162    0.266324   -0.133162       0.000729
   261   -0.199743    0.332905   -0.066581       0.000729
   262   -0.266324    0.399486    0.000000       0.000729
   263   -0.332905    0.466067    0.066581       0.000729
   264   -0.399486    0.532647    0.133162       0.000729
   265   -0.466067    0.599228    0.199743       0.000729
   266   -0.532647    0.665809    0.266324       0.000729
   267    0.399486   -0.266324   -0.532647       0.000729
   268    0.332905   -0.199743   -0.466067       0.000729
   269    0.266324   -0.133162   -0.399486       0.000729
   270    0.199743   -0.066581   -0.332905       0.000729
   271    0.133162    0.000000   -0.266324       0.000729
   272    0.066581    0.066581   -0.199743       0.000729
   273    0.000000    0.133162   -0.133162       0.000729
   274   -0.066581    0.199743   -0.066581       0.000729
   275   -0.133162    0.266324    0.000000       0.000729
   276   -0.199743    0.332905    0.066581       0.000729
   277   -0.266324    0.399486    0.133162       0.000729
   278   -0.332905    0.466067    0.199743       0.000729
   279   -0.399486    0.532647    0.266324       0.000729
   280   -0.466067    0.599228    0.332905       0.000729
   281    0.466067   -0.332905   -0.466067       0.000729
   282    0.399486   -0.266324   -0.399486       0.000729
   283    0.332905   -0.199743   -0.332905       0.000729
   284    0.266324   -0.133162   -0.266324       0.000729
   285    0.199743   -0.066581   -0.199743       0.000729
   286    0.133162    0.000000   -0.133162       0.000729
   287    0.066581    0.066581   -0.066581       0.000729
   288    0.000000    0.133162    0.000000       0.000729
   289   -0.066581    0.199743    0.066581       0.000729
   290   -0.133162    0.266324    0.133162       0.000729
   291   -0.199743    0.332905    0.199743       0.000729
   292   -0.266324    0.399486    0.266324       0.000729
   293   -0.332905    0.466067    0.332905       0.000729
   294   -0.399486    0.532647    0.399486       0.000729
   295    0.532647   -0.399486   -0.399486       0.000729
   296    0.466067   -0.332905   -0.332905       0.000729
   297    0.399486   -0.266324   -0.266324       0.000729
   298    0.332905   -0.199743   -0.199743       0.000729
   299    0.266324   -0.133162   -0.133162       0.000729
   300    0.199743   -0.066581   -0.066581       0.000729
   301    0.133162    0.000000    0.000000       0.000729
   302    0.066581    0.066581    0.066581       0.000729
   303    0.000000    0.133162    0.133162       0.000729
   304   -0.066581    0.199743    0.199743       0.000729
   305   -0.133162    0.266324    0.266324       0.000729
   306   -0.199743    0.332905    0.332905       0.000729
   307   -0.266324    0.399486    0.399486       0.000729
   308   -0.332905    0.466067    0.466067       0.000729
   309    0.599228   -0.466067   -0.332905       0.000729
   310    0.532647   -0.399486   -0.266324       0.000729
   311    0.466067   -0.332905   -0.199743       0.000729
   312    0.399486   -0.266324   -0.133162       0.000729
   313    0.332905   -0.199743   -0.066581       0.000729
   314    0.266324   -0.133162    0.000000       0.000729
   315    0.199743   -0.066581    0.066581       0.000729
   316    0.133162    0.000000    0.133162       0.000729
   317    0.066581    0.066581    0.199743       0.000729
   318    0.000000    0.133162    0.266324       0.000729
   319   -0.066581    0.199743    0.332905       0.000729
   320   -0.133162    0.266324    0.399486       0.000729
   321   -0.199743    0.332905    0.466067       0.000729
   322   -0.266324    0.399486    0.532647       0.000729
   323    0.665809   -0.532647   -0.266324       0.000729
   324    0.599228   -0.466067   -0.199743       0.000729
   325    0.532647   -0.399486   -0.133162       0.000729
   326    0.466067   -0.332905   -0.066581       0.000729
   327    0.399486   -0.266324    0.000000       0.000729
   328    0.332905   -0.199743    0.066581       0.000729
   329    0.266324   -0.133162    0.133162       0.000729
   330    0.199743   -0.066581    0.199743       0.000729
   331    0.133162    0.000000    0.266324       0.000729
   332    0.066581    0.066581    0.332905       0.000729
   333    0.000000    0.133162    0.399486       0.000729
   334   -0.066581    0.199743    0.466067       0.000729
   335   -0.133162    0.266324    0.532647       0.000729
   336   -0.199743    0.332905    0.599228       0.000729
   337    0.732390   -0.599228   -0.199743       0.000729
   338    0.665809   -0.532647   -0.133162       0.000729
   339    0.599228   -0.466067   -0.066581       0.000729
   340    0.532647   -0.399486    0.000000       0.000729
   341    0.466067   -0.332905    0.066581       0.000729
   342    0.399486   -0.266324    0.133162       0.000729
   343    0.332905   -0.199743    0.199743       0.000729
   344    0.266324   -0.133162    0.266324       0.000729
   345    0.199743   -0.066581    0.332905       0.000729
   346    0.133162    0.000000    0.399486       0.000729
   347    0.066581    0.066581    0.466067       0.000729
   348    0.000000    0.133162    0.532647       0.000729
   349   -0.066581    0.199743    0.599228       0.000729
   350   -0.133162    0.266324    0.665809       0.000729
   351    0.798971   -0.665809   -0.133162       0.000729
   352    0.732390   -0.599228   -0.066581       0.000729
   353    0.665809   -0.532647    0.000000       0.000729
   354    0.599228   -0.466067    0.066581       0.000729
   355    0.532647   -0.399486    0.133162       0.000729
   356    0.466067   -0.332905    0.199743       0.000729
   357    0.399486   -0.266324    0.266324       0.000729
   358    0.332905   -0.199743    0.332905       0.000729
   359    0.266324   -0.133162    0.399486       0.000729
   360    0.199743   -0.066581    0.466067       0.000729
   361    0.133162    0.000000    0.532647       0.000729
   362    0.066581    0.066581    0.599228       0.000729
   363    0.000000    0.133162    0.665809       0.000729
   364   -0.066581    0.199743    0.732390       0.000729
   365    0.865552   -0.732390   -0.066581       0.000729
   366    0.798971   -0.665809    0.000000       0.000729
   367    0.732390   -0.599228    0.066581       0.000729
   368    0.665809   -0.532647    0.133162       0.000729
   369    0.599228   -0.466067    0.199743       0.000729
   370    0.532647   -0.399486    0.266324       0.000729
   371    0.466067   -0.332905    0.332905       0.000729
   372    0.399486   -0.266324    0.399486       0.000729
   373    0.332905   -0.199743    0.466067       0.000729
   374    0.266324   -0.133162    0.532647       0.000729
   375    0.199743   -0.066581    0.599228       0.000729
   376    0.133162    0.000000    0.665809       0.000729
   377    0.066581    0.066581    0.732390       0.000729
   378    0.000000    0.133162    0.798971       0.000729
   379    0.932133   -0.798971    0.000000       0.000729
   380    0.865552   -0.732390    0.066581       0.000729
   381    0.798971   -0.665809    0.133162       0.000729
   382    0.732390   -0.599228    0.199743       0.000729
   383    0.665809   -0.532647    0.266324       0.000729
   384    0.599228   -0.466067    0.332905       0.000729
   385    0.532647   -0.399486    0.399486       0.000729
   386    0.466067   -0.332905    0.466067       0.000729
   387    0.399486   -0.266324    0.532647       0.000729
   388    0.332905   -0.199743    0.599228       0.000729
   389    0.266324   -0.133162    0.665809       0.000729
   390    0.199743   -0.066581    0.732390       0.000729
   391    0.133162    0.000000    0.798971       0.000729
   392    0.066581    0.066581    0.865552       0.000729
   393    0.133162    0.133162   -0.932133       0.000729
   394    0.066581    0.199743   -0.865552       0.000729
   395    0.000000    0.266324   -0.798971       0.000729
   396   -0.066581    0.332905   -0.732390       0.000729
   397   -0.133162    0.399486   -0.665809       0.000729
   398   -0.199743    0.466067   -0.599228       0.000729
   399   -0.266324    0.532647   -0.532647       0.000729
   400   -0.332905    0.599228   -0.466067       0.000729
   401   -0.399486    0.665809   -0.399486       0.000729
   402   -0.466067    0.732390   -0.332905       0.000729
   403   -0.532647    0.798971   -0.266324       0.000729
   404   -0.599228    0.865552   -0.199743       0.000729
   405   -0.665809    0.932133   -0.133162       0.000729
   406   -0.732390    0.998714   -0.066581       0.000729
   407    0.199743    0.066581   -0.865552       0.000729
   408    0.133162    0.133162   -0.798971       0.000729
   409    0.066581    0.199743   -0.732390       0.000729
   410    0.000000    0.266324   -0.665809       0.000729
   411   -0.066581    0.332905   -0.599228       0.000729
   412   -0.133162    0.399486   -0.532647       0.000729
   413   -0.199743    0.466067   -0.466067       0.000729
   414   -0.266324    0.532647   -0.399486       0.000729
   415   -0.332905    0.599228   -0.332905       0.000729
   416   -0.399486    0.665809   -0.266324       0.000729
   417   -0.466067    0.732390   -0.199743       0.000729
   418   -0.532647    0.798971   -0.133162       0.000729
   419   -0.599228    0.865552   -0.066581       0.000729
   420   -0.665809    0.932133    0.000000       0.000729
   421    0.266324    0.000000   -0.798971       0.000729
   422    0.199743    0.066581   -0.732390       0.000729
   423    0.133162    0.133162   -0.665809       0.000729
   424    0.066581    0.199743   -0.599228       0.000729
   425    0.000000    0.266324   -0.532647       0.000729
   426   -0.066581    0.332905   -0.466067       0.000729
   427   -0.133162    0.399486   -0.399486       0.000729
   428   -0.199743    0.466067   -0.332905       0.000729
   429   -0.266324    0.532647   -0.266324       0.000729
   430   -0.332905    0.599228   -0.199743       0.000729
   431   -0.399486    0.665809   -0.133162       0.000729
   432   -0.466067    0.732390   -0.066581       0.000729
   433   -0.532647    0.798971    0.000000       0.000729
   434   -0.599228    0.865552    0.066581       0.000729
   435    0.332905   -0.066581   -0.732390       0.000729
   436    0.266324    0.000000   -0.665809       0.000729
   437    0.199743    0.066581   -0.599228       0.000729
   438    0.133162    0.133162   -0.532647       0.000729
   439    0.066581    0.199743   -0.466067       0.000729
   440    0.000000    0.266324   -0.399486       0.000729
   441   -0.066581    0.332905   -0.332905       0.000729
   442   -0.133162    0.399486   -0.266324       0.000729
   443   -0.199743    0.466067   -0.199743       0.000729
   444   -0.266324    0.532647   -0.133162       0.000729
   445   -0.332905    0.599228   -0.066581       0.000729
   446   -0.399486    0.665809    0.000000       0.000729
   447   -0.466067    0.732390    0.066581       0.000729
   448   -0.532647    0.798971    0.133162       0.000729
   449    0.399486   -0.133162   -0.665809       0.000729
   450    0.332905   -0.066581   -0.599228       0.000729
   451    0.266324    0.000000   -0.532647       0.000729
   452    0.199743    0.066581   -0.466067       0.000729
   453    0.133162    0.133162   -0.399486       0.000729
   454    0.066581    0.199743   -0.332905       0.000729
   455    0.000000    0.266324   -0.266324       0.000729
   456   -0.066581    0.332905   -0.199743       0.000729
   457   -0.133162    0.399486   -0.133162       0.000729
   458   -0.199743    0.466067   -0.066581       0.000729
   459   -0.266324    0.532647    0.000000       0.000729
   460   -0.332905    0.599228    0.066581       0.000729
   461   -0.399486    0.665809    0.133162       0.000729
   462   -0.466067    0.732390    0.199743       0.000729
   463    0.466067   -0.199743   -0.599228       0.000729
   464    0.399486   -0.133162   -0.532647       0.000729
   465    0.332905   -0.066581   -0.466067       0.000729
   466    0.266324    0.000000   -0.399486       0.000729
   467    0.199743    0.066581   -0.332905       0.000729
   468    0.133162    0.133162   -0.266324       0.000729
   469    0.066581    0.199743   -0.199743       0.000729
   470    0.000000    0.266324   -0.133162       0.000729
   471   -0.066581    0.332905   -0.066581       0.000729
   472   -0.133162    0.399486    0.000000       0.000729
   473   -0.199743    0.466067    0.066581       0.000729
   474   -0.266324    0.532647    0.133162       0.000729
   475   -0.332905    0.599228    0.199743       0.000729
   476   -0.399486    0.665809    0.266324       0.000729
   477    0.532647   -0.266324   -0.532647       0.000729
   478    0.466067   -0.199743   -0.466067       0.000729
   479    0.399486   -0.133162   -0.399486       0.000729
   480    0.332905   -0.066581   -0.332905       0.000729
   481    0.266324    0.000000   -0.266324       0.000729
   482    0.199743    0.066581   -0.199743       0.000729
   483    0.133162    0.133162   -0.133162       0.000729
   484    0.066581    0.199743   -0.066581       0.000729
   485    0.000000    0.266324    0.000000       0.000729
   486   -0.066581    0.332905    0.066581       0.000729
   487   -0.133162    0.399486    0.133162       0.000729
   488   -0.199743    0.466067    0.199743       0.000729
   489   -0.266324    0.532647    0.266324       0.000729
   490   -0.332905    0.599228    0.332905       0.000729
   491    0.599228   -0.332905   -0.466067       0.000729
   492    0.532647   -0.266324   -0.399486       0.000729
   493    0.466067   -0.199743   -0.332905       0.000729
   494    0.399486   -0.133162   -0.266324       0.000729
   495    0.332905   -0.066581   -0.199743       0.000729
   496    0.266324    0.000000   -0.133162       0.000729
   497    0.199743    0.066581   -0.066581       0.000729
   498    0.133162    0.133162    0.000000       0.000729
   499    0.066581    0.199743    0.066581       0.000729
   500    0.000000    0.266324    0.133162       0.000729
   501   -0.066581    0.332905    0.199743       0.000729
   502   -0.133162    0.399486    0.266324       0.000729
   503   -0.199743    0.466067    0.332905       0.000729
   504   -0.266324    0.532647    0.399486       0.000729
   505    0.665809   -0.399486   -0.399486       0.000729
   506    0.599228   -0.332905   -0.332905       0.000729
   507    0.532647   -0.266324   -0.266324       0.000729
   508    0.466067   -0.199743   -0.199743       0.000729
   509    0.399486   -0.133162   -0.133162       0.000729
   510    0.332905   -0.066581   -0.066581       0.000729
   511    0.266324    0.000000    0.000000       0.000729
   512    0.199743    0.066581    0.066581       0.000729
   513    0.133162    0.133162    0.133162       0.000729
   514    0.066581    0.199743    0.199743       0.000729
   515    0.000000    0.266324    0.266324       0.000729
   516   -0.066581    0.332905    0.332905       0.000729
   517   -0.133162    0.399486    0.399486       0.000729
   518   -0.199743    0.466067    0.466067       0.000729
   519    0.732390   -0.466067   -0.332905       0.000729
   520    0.665809   -0.399486   -0.266324       0.000729
   521    0.599228   -0.332905   -0.199743       0.000729
   522    0.532647   -0.266324   -0.133162       0.000729
   523    0.466067   -0.199743   -0.066581       0.000729
   524    0.399486   -0.133162    0.000000       0.000729
   525    0.332905   -0.066581    0.066581       0.000729
   526    0.266324    0.000000    0.133162       0.000729
   527    0.199743    0.066581    0.199743       0.000729
   528    0.133162    0.133162    0.266324       0.000729
   529    0.066581    0.199743    0.332905       0.000729
   530    0.000000    0.266324    0.399486       0.000729
   531   -0.066581    0.332905    0.466067       0.000729
   532   -0.133162    0.399486    0.532647       0.000729
   533    0.798971   -0.532647   -0.266324       0.000729
   534    0.732390   -0.466067   -0.199743       0.000729
   535    0.665809   -0.399486   -0.133162       0.000729
   536    0.599228   -0.332905   -0.066581       0.000729
   537    0.532647   -0.266324    0.000000       0.000729
   538    0.466067   -0.199743    0.066581       0.000729
   539    0.399486   -0.133162    0.133162       0.000729
   540    0.332905   -0.066581    0.199743       0.000729
   541    0.266324    0.000000    0.266324       0.000729
   542    0.199743    0.066581    0.332905       0.000729
   543    0.133162    0.133162    0.399486       0.000729
   544    0.066581    0.199743    0.466067       0.000729
   545    0.000000    0.266324    0.532647       0.000729
   546   -0.066581    0.332905    0.599228       0.000729
   547    0.865552   -0.599228   -0.199743       0.000729
   548    0.798971   -0.532647   -0.133162       0.000729
   549    0.732390   -0.466067   -0.066581       0.000729
   550    0.665809   -0.399486    0.000000       0.000729
   551    0.599228   -0.332905    0.066581       0.000729
   552    0.532647   -0.266324    0.133162       0.000729
   553    0.466067   -0.199743    0.199743       0.000729
   554    0.399486   -0.133162    0.266324       0.000729
   555    0.332905   -0.066581    0.332905       0.000729
   556    0.266324    0.000000    0.399486       0.000729
   557    0.199743    0.066581    0.466067       0.000729
   558    0.133162    0.133162    0.532647       0.000729
   559    0.066581    0.199743    0.599228       0.000729
   560    0.000000    0.266324    0.665809       0.000729
   561    0.932133   -0.665809   -0.133162       0.000729
   562    0.865552   -0.599228   -0.066581       0.000729
   563    0.798971   -0.532647    0.000000       0.000729
   564    0.732390   -0.466067    0.066581       0.000729
   565    0.665809   -0.399486    0.133162       0.000729
   566    0.599228   -0.332905    0.199743       0.000729
   567    0.532647   -0.266324    0.266324       0.000729
   568    0.466067   -0.199743    0.332905       0.000729
   569    0.399486   -0.133162    0.399486       0.000729
   570    0.332905   -0.066581    0.466067       0.000729
   571    0.266324    0.000000    0.532647       0.000729
   572    0.199743    0.066581    0.599228       0.000729
   573    0.133162    0.133162    0.665809       0.000729
   574    0.066581    0.199743    0.732390       0.000729
   575    0.998714   -0.732390   -0.066581       0.000729
   576    0.932133   -0.665809    0.000000       0.000729
   577    0.865552   -0.599228    0.066581       0.000729
   578    0.798971   -0.532647    0.133162       0.000729
   579    0.732390   -0.466067    0.199743       0.000729
   580    0.665809   -0.399486    0.266324       0.000729
   581    0.599228   -0.332905    0.332905       0.000729
   582    0.532647   -0.266324    0.399486       0.000729
   583    0.466067   -0.199743    0.466067       0.000729
   584    0.399486   -0.133162    0.532647       0.000729
   585    0.332905   -0.066581    0.599228       0.000729
   586    0.266324    0.000000    0.665809       0.000729
   587    0.199743    0.066581    0.732390       0.000729
   588    0.133162    0.133162    0.798971       0.000729
   589    0.199743    0.199743   -0.998714       0.000729
   590    0.133162    0.266324   -0.932133       0.000729
   591    0.066581    0.332905   -0.865552       0.000729
   592    0.000000    0.399486   -0.798971       0.000729
   593   -0.066581    0.466067   -0.732390       0.000729
   594   -0.133162    0.532647   -0.665809       0.000729
   595   -0.199743    0.599228   -0.599228       0.000729
   596   -0.266324    0.665809   -0.532647       0.000729
   597   -0.332905    0.732390   -0.466067       0.000729
   598   -0.399486    0.798971   -0.399486       0.000729
   599   -0.466067    0.865552   -0.332905       0.000729
   600   -0.532647    0.932133   -0.266324       0.000729
   601   -0.599228    0.998714   -0.199743       0.000729
   602   -0.665809    1.065295   -0.133162       0.000729
   603    0.266324    0.133162   -0.932133       0.000729
   604    0.199743    0.199743   -0.865552       0.000729
   605    0.133162    0.266324   -0.798971       0.000729
   606    0.066581    0.332905   -0.732390       0.000729
   607    0.000000    0.399486   -0.665809       0.000729
   608   -0.066581    0.466067   -0.599228       0.000729
   609   -0.133162    0.532647   -0.532647       0.000729
   610   -0.199743    0.599228   -0.466067       0.000729
   611   -0.266324    0.665809   -0.399486       0.000729
   612   -0.332905    0.732390   -0.332905       0.000729
   613   -0.399486    0.798971   -0.266324       0.000729
   614   -0.466067    0.865552   -0.199743       0.000729
   615   -0.532647    0.932133   -0.133162       0.000729
   616   -0.599228    0.998714   -0.066581       0.000729
   617    0.332905    0.066581   -0.865552       0.000729
   618    0.266324    0.133162   -0.798971       0.000729
   619    0.199743    0.199743   -0.732390       0.000729
   620    0.133162    0.266324   -0.665809       0.000729
   621    0.066581    0.332905   -0.599228       0.000729
   622    0.000000    0.399486   -0.532647       0.000729
   623   -0.066581    0.466067   -0.466067       0.000729
   624   -0.133162    0.532647   -0.399486       0.000729
   625   -0.199743    0.599228   -0.332905       0.000729
   626   -0.266324    0.665809   -0.266324       0.000729
   627   -0.332905    0.732390   -0.199743       0.000729
   628   -0.399486    0.798971   -0.133162       0.000729
   629   -0.466067    0.865552   -0.066581       0.000729
   630   -0.532647    0.932133    0.000000       0.000729
   631    0.399486    0.000000   -0.798971       0.000729
   632    0.332905    0.066581   -0.732390       0.000729
   633    0.266324    0.133162   -0.665809       0.000729
   634    0.199743    0.199743   -0.599228       0.000729
   635    0.133162    0.266324   -0.532647       0.000729
   636    0.066581    0.332905   -0.466067       0.000729
   637    0.000000    0.399486   -0.399486       0.000729
   638   -0.066581    0.466067   -0.332905       0.000729
   639   -0.133162    0.532647   -0.266324       0.000729
   640   -0.199743    0.599228   -0.199743       0.000729
   641   -0.266324    0.665809   -0.133162       0.000729
   642   -0.332905    0.732390   -0.066581       0.000729
   643   -0.399486    0.798971    0.000000       0.000729
   644   -0.466067    0.865552    0.066581       0.000729
   645    0.466067   -0.066581   -0.732390       0.000729
   646    0.399486    0.000000   -0.665809       0.000729
   647    0.332905    0.066581   -0.599228       0.000729
   648    0.266324    0.133162   -0.532647       0.000729
   649    0.199743    0.199743   -0.466067       0.000729
   650    0.133162    0.266324   -0.399486       0.000729
   651    0.066581    0.332905   -0.332905       0.000729
   652    0.000000    0.399486   -0.266324       0.000729
   653   -0.066581    0.466067   -0.199743       0.000729
   654   -0.133162    0.532647   -0.133162       0.000729
   655   -0.199743    0.599228   -0.066581       0.000729
   656   -0.266324    0.665809    0.000000       0.000729
   657   -0.332905    0.732390    0.066581       0.000729
   658   -0.399486    0.798971    0.133162       0.000729
   659    0.532647   -0.133162   -0.665809       0.000729
   660    0.466067   -0.066581   -0.599228       0.000729
   661    0.399486    0.000000   -0.532647       0.000729
   662    0.332905    0.066581   -0.466067       0.000729
   663    0.266324    0.133162   -0.399486       0.000729
   664    0.199743    0.199743   -0.332905       0.000729
   665    0.133162    0.266324   -0.266324       0.000729
   666    0.066581    0.332905   -0.199743       0.000729
   667    0.000000    0.399486   -0.133162       0.000729
   668   -0.066581    0.466067   -0.066581       0.000729
   669   -0.133162    0.532647    0.000000       0.000729
   670   -0.199743    0.599228    0.066581       0.000729
   671   -0.266324    0.665809    0.133162       0.000729
   672   -0.332905    0.732390    0.199743       0.000729
   673    0.599228   -0.199743   -0.599228       0.000729
   674    0.532647   -0.133162   -0.532647       0.000729
   675    0.466067   -0.066581   -0.466067       0.000729
   676    0.399486    0.000000   -0.399486       0.000729
   677    0.332905    0.066581   -0.332905       0.000729
   678    0.266324    0.133162   -0.266324       0.000729
   679    0.199743    0.199743   -0.199743       0.000729
   680    0.133162    0.266324   -0.133162       0.000729
   681    0.066581    0.332905   -0.066581       0.000729
   682    0.000000    0.399486    0.000000       0.000729
   683   -0.066581    0.466067    0.066581       0.000729
   684   -0.133162    0.532647    0.133162       0.000729
   685   -0.199743    0.599228    0.199743       0.000729
   686   -0.266324    0.665809    0.266324       0.000729
   687    0.665809   -0.266324   -0.532647       0.000729
   688    0.599228   -0.199743   -0.466067       0.000729
   689    0.532647   -0.133162   -0.399486       0.000729
   690    0.466067   -0.066581   -0.332905       0.000729
   691    0.399486    0.000000   -0.266324       0.000729
   692    0.332905    0.066581   -0.199743       0.000729
   693    0.266324    0.133162   -0.133162       0.000729
   694    0.199743    0.199743   -0.066581       0.000729
   695    0.133162    0.266324    0.000000       0.000729
   696    0.066581    0.332905    0.066581       0.000729
   697    0.000000    0.399486    0.133162       0.000729
   698   -0.066581    0.466067    0.199743       0.000729
   699   -0.133162    0.532647    0.266324       0.000729
   700   -0.199743    0.599228    0.332905       0.000729
   701    0.732390   -0.332905   -0.466067       0.000729
   702    0.665809   -0.266324   -0.399486       0.000729
   703    0.599228   -0.199743   -0.332905       0.000729
   704    0.532647   -0.133162   -0.266324       0.000729
   705    0.466067   -0.066581   -0.199743       0.000729
   706    0.399486    0.000000   -0.133162       0.000729
   707    0.332905    0.066581   -0.066581       0.000729
   708    0.266324    0.133162    0.000000       0.000729
   709    0.199743    0.199743    0.066581       0.000729
   710    0.133162    0.266324    0.133162       0.000729
   711    0.066581    0.332905    0.199743       0.000729
   712    0.000000    0.399486    0.266324       0.000729
   713   -0.066581    0.466067    0.332905       0.000729
   714   -0.133162    0.532647    0.399486       0.000729
   715    0.798971   -0.399486   -0.399486       0.000729
   716    0.732390   -0.332905   -0.332905       0.000729
   717    0.665809   -0.266324   -0.266324       0.000729
   718    0.599228   -0.199743   -0.199743       0.000729
   719    0.532647   -0.133162   -0.133162       0.000729
   720    0.466067   -0.066581   -0.066581       0.000729
   721    0.399486    0.000000    0.000000       0.000729
   722    0.332905    0.066581    0.066581       0.000729
   723    0.266324    0.133162    0.133162       0.000729
   724    0.199743    0.199743    0.199743       0.000729
   725    0.133162    0.266324    0.266324       0.000729
   726    0.066581    0.332905    0.332905       0.000729
   727    0.000000    0.399486    0.399486       0.000729
   728   -0.066581    0.466067    0.466067       0.000729
   729    0.865552   -0.466067   -0.332905       0.000729
   730    0.798971   -0.399486   -0.266324       0.000729
   731    0.732390   -0.332905   -0.199743       0.000729
   732    0.665809   -0.266324   -0.133162       0.000729
   733    0.599228   -0.199743   -0.066581       0.000729
   734    0.532647   -0.133162    0.000000       0.000729
   735    0.466067   -0.066581    0.066581       0.000729
   736    0.399486    0.000000    0.133162       0.000729
   737    0.332905    0.066581    0.199743       0.000729
   738    0.266324    0.133162    0.266324       0.000729
   739    0.199743    0.199743    0.332905       0.000729
   740    0.133162    0.266324    0.399486       0.000729
   741    0.066581    0.332905    0.466067       0.000729
   742    0.000000    0.399486    0.532647       0.000729
   743    0.932133   -0.532647   -0.266324       0.000729
   744    0.865552   -0.466067   -0.199743       0.000729
   745    0.798971   -0.399486   -0.133162       0.000729
   746    0.732390   -0.332905   -0.066581       0.000729
   747    0.665809   -0.266324    0.000000       0.000729
   748    0.599228   -0.199743    0.066581       0.000729
   749    0.532647   -0.133162    0.133162       0.000729
   750    0.466067   -0.066581    0.199743       0.000729
   751    0.399486    0.000000    0.266324       0.000729
   752    0.332905    0.066581    0.332905       0.000729
   753    0.266324    0.133162    0.399486       0.000729
   754    0.199743    0.199743    0.466067       0.000729
   755    0.133162    0.266324    0.532647       0.000729
   756    0.066581    0.332905    0.599228       0.000729
   757    0.998714   -0.599228   -0.199743       0.000729
   758    0.932133   -0.532647   -0.133162       0.000729
   759    0.865552   -0.466067   -0.066581       0.000729
   760    0.798971   -0.399486    0.000000       0.000729
   761    0.732390   -0.332905    0.066581       0.000729
   762    0.665809   -0.266324    0.133162       0.000729
   763    0.599228   -0.199743    0.199743       0.000729
   764    0.532647   -0.133162    0.266324       0.000729
   765    0.466067   -0.066581    0.332905       0.000729
   766    0.399486    0.000000    0.399486       0.000729
   767    0.332905    0.066581    0.466067       0.000729
   768    0.266324    0.133162    0.532647       0.000729
   769    0.199743    0.199743    0.599228       0.000729
   770    0.133162    0.266324    0.665809       0.000729
   771    1.065295   -0.665809   -0.133162       0.000729
   772    0.998714   -0.599228   -0.066581       0.000729
   773    0.932133   -0.532647    0.000000       0.000729
   774    0.865552   -0.466067    0.066581       0.000729
   775    0.798971   -0.399486    0.133162       0.000729
   776    0.732390   -0.332905    0.199743       0.000729
   777    0.665809   -0.266324    0.266324       0.000729
   778    0.599228   -0.199743    0.332905       0.000729
   779    0.532647   -0.133162    0.399486       0.000729
   780    0.466067   -0.066581    0.466067       0.000729
   781    0.399486    0.000000    0.532647       0.000729
   782    0.332905    0.066581    0.599228       0.000729
   783    0.266324    0.133162    0.665809       0.000729
   784    0.199743    0.199743    0.732390       0.000729
   785    0.266324    0.266324   -1.065295       0.000729
   786    0.199743    0.332905   -0.998714       0.000729
   787    0.133162    0.399486   -0.932133       0.000729
   788    0.066581    0.466067   -0.865552       0.000729
   789    0.000000    0.532647   -0.798971       0.000729
   790   -0.066581    0.599228   -0.732390       0.000729
   791   -0.133162    0.665809   -0.665809       0.000729
   792   -0.199743    0.732390   -0.599228       0.000729
   793   -0.266324    0.798971   -0.532647       0.000729
   794   -0.332905    0.865552   -0.466067       0.000729
   795   -0.399486    0.932133   -0.399486       0.000729
   796   -0.466067    0.998714   -0.332905       0.000729
   797   -0.532647    1.065295   -0.266324       0.000729
   798   -0.599228    1.131876   -0.199743       0.000729
   799    0.332905    0.199743   -0.998714       0.000729
   800    0.266324    0.266324   -0.932133       0.000729
   801    0.199743    0.332905   -0.865552       0.000729
   802    0.133162    0.399486   -0.798971       0.000729
   803    0.066581    0.466067   -0.732390       0.000729
   804    0.000000    0.532647   -0.665809       0.000729
   805   -0.066581    0.599228   -0.599228       0.000729
   806   -0.133162    0.665809   -0.532647       0.000729
   807   -0.199743    0.732390   -0.466067       0.000729
   808   -0.266324    0.798971   -0.399486       0.000729
   809   -0.332905    0.865552   -0.332905       0.000729
   810   -0.399486    0.932133   -0.266324       0.000729
   811   -0.466067    0.998714   -0.199743       0.000729
   812   -0.532647    1.065295   -0.133162       0.000729
   813    0.399486    0.133162   -0.932133       0.000729
   814    0.332905    0.199743   -0.865552       0.000729
   815    0.266324    0.266324   -0.798971       0.000729
   816    0.199743    0.332905   -0.732390       0.000729
   817    0.133162    0.399486   -0.665809       0.000729
   818    0.066581    0.466067   -0.599228       0.000729
   819    0.000000    0.532647   -0.532647       0.000729
   820   -0.066581    0.599228   -0.466067       0.000729
   821   -0.133162    0.665809   -0.399486       0.000729
   822   -0.199743    0.732390   -0.332905       0.000729
   823   -0.266324    0.798971   -0.266324       0.000729
   824   -0.332905    0.865552   -0.199743       0.000729
   825   -0.399486    0.932133   -0.133162       0.000729
   826   -0.466067    0.998714   -0.066581       0.000729
   827    0.466067    0.066581   -0.865552       0.000729
   828    0.399486    0.133162   -0.798971       0.000729
   829    0.332905    0.199743   -0.732390       0.000729
   830    0.266324    0.266324   -0.665809       0.000729
   831    0.199743    0.332905   -0.599228       0.000729
   832    0.133162    0.399486   -0.532647       0.000729
   833    0.066581    0.466067   -0.466067       0.000729
   834    0.000000    0.532647   -0.399486       0.000729
   835   -0.066581    0.599228   -0.332905       0.000729
   836   -0.133162    0.665809   -0.266324       0.000729
   837   -0.199743    0.732390   -0.199743       0.000729
   838   -0.266324    0.798971   -0.133162       0.000729
   839   -0.332905    0.865552   -0.066581       0.000729
   840   -0.399486    0.932133    0.000000       0.000729
   841    0.532647    0.000000   -0.798971       0.000729
   842    0.466067    0.066581   -0.732390       0.000729
   843    0.399486    0.133162   -0.665809       0.000729
   844    0.332905    0.199743   -0.599228       0.000729
   845    0.266324    0.266324   -0.532647       0.000729
   846    0.199743    0.332905   -0.466067       0.000729
   847    0.133162    0.399486   -0.399486       0.000729
   848    0.066581    0.466067   -0.332905       0.000729
   849    0.000000    0.532647   -0.266324       0.000729
   850   -0.066581    0.599228   -0.199743       0.000729
   851   -0.133162    0.665809   -0.133162       0.000729
   852   -0.199743    0.732390   -0.066581       0.000729
   853   -0.266324    0.798971    0.000000       0.000729
   854   -0.332905    0.865552    0.066581       0.000729
   855    0.599228   -0.066581   -0.732390       0.000729
   856    0.532647    0.000000   -0.665809       0.000729
   857    0.466067    0.066581   -0.599228       0.000729
   858    0.399486    0.133162   -0.532647       0.000729
   859    0.332905    0.199743   -0.466067       0.000729
   860    0.266324    0.266324   -0.399486       0.000729
   861    0.199743    0.332905   -0.332905       0.000729
   862    0.133162    0.399486   -0.266324       0.000729
   863    0.066581    0.466067   -0.199743       0.000729
   864    0.000000    0.532647   -0.133162       0.000729
   865   -0.066581    0.599228   -0.066581       0.000729
   866   -0.133162    0.665809    0.000000       0.000729
   867   -0.199743    0.732390    0.066581       0.000729
   868   -0.266324    0.798971    0.133162       0.000729
   869    0.665809   -0.133162   -0.665809       0.000729
   870    0.599228   -0.066581   -0.599228       0.000729
   871    0.532647    0.000000   -0.532647       0.000729
   872    0.466067    0.066581   -0.466067       0.000729
   873    0.399486    0.133162   -0.399486       0.000729
   874    0.332905    0.199743   -0.332905       0.000729
   875    0.266324    0.266324   -0.266324       0.000729
   876    0.199743    0.332905   -0.199743       0.000729
   877    0.133162    0.399486   -0.133162       0.000729
   878    0.066581    0.466067   -0.066581       0.000729
   879    0.000000    0.532647    0.000000       0.000729
   880   -0.066581    0.599228    0.066581       0.000729
   881   -0.133162    0.665809    0.133162       0.000729
   882   -0.199743    0.732390    0.199743       0.000729
   883    0.732390   -0.199743   -0.599228       0.000729
   884    0.665809   -0.133162   -0.532647       0.000729
   885    0.599228   -0.066581   -0.466067       0.000729
   886    0.532647    0.000000   -0.399486       0.000729
   887    0.466067    0.066581   -0.332905       0.000729
   888    0.399486    0.133162   -0.266324       0.000729
   889    0.332905    0.199743   -0.199743       0.000729
   890    0.266324    0.266324   -0.133162       0.000729
   891    0.199743    0.332905   -0.066581       0.000729
   892    0.133162    0.399486    0.000000       0.000729
   893    0.066581    0.466067    0.066581       0.000729
   894    0.000000    0.532647    0.133162       0.000729
   895   -0.066581    0.599228    0.199743       0.000729
   896   -0.133162    0.665809    0.266324       0.000729
   897    0.798971   -0.266324   -0.532647       0.000729
   898    0.732390   -0.199743   -0.466067       0.000729
   899    0.665809   -0.133162   -0.399486       0.000729
   900    0.599228   -0.066581   -0.332905       0.000729
   901    0.532647    0.000000   -0.266324       0.000729
   902    0.466067    0.066581   -0.199743       0.000729
   903    0.399486    0.133162   -0.133162       0.000729
   904    0.332905    0.199743   -0.066581       0.000729
   905    0.266324    0.266324    0.000000       0.000729
   906    0.199743    0.332905    0.066581       0.000729
   907    0.133162    0.399486    0.133162       0.000729
   908    0.066581    0.466067    0.199743       0.000729
   909    0.000000    0.532647    0.266324       0.000729
   910   -0.066581    0.599228    0.332905       0.000729
   911    0.865552   -0.332905   -0.466067       0.000729
   912    0.798971   -0.266324   -0.399486       0.000729
   913    0.732390   -0.199743   -0.332905       0.000729
   914    0.665809   -0.133162   -0.266324       0.000729
   915    0.599228   -0.066581   -0.199743       0.000729
   916    0.532647    0.000000   -0.133162       0.000729
   917    0.466067    0.066581   -0.066581       0.000729
   918    0.399486    0.133162    0.000000       0.000729
   919    0.332905    0.199743    0.066581       0.000729
   920    0.266324    0.266324    0.133162       0.000729
   921    0.199743    0.332905    0.199743       0.000729
   922    0.133162    0.399486    0.266324       0.000729
   923    0.066581    0.466067    0.332905       0.000729
   924    0.000000    0.532647    0.399486       0.000729
   925    0.932133   -0.399486   -0.399486       0.000729
   926    0.865552   -0.332905   -0.332905       0.000729
   927    0.798971   -0.266324   -0.266324       0.000729
   928    0.732390   -0.199743   -0.199743       0.000729
   929    0.665809   -0.133162   -0.133162       0.000729
   930    0.599228   -0.066581   -0.066581       0.000729
   931    0.532647    0.000000    0.000000       0.000729
   932    0.466067    0.066581    0.066581       0.000729
   933    0.399486    0.133162    0.133162       0.000729
   934    0.332905    0.199743    0.199743       0.000729
   935    0.266324    0.266324    0.266324       0.000729
   936    0.199743    0.332905    0.332905       0.000729
   937    0.133162    0.399486    0.399486       0.000729
   938    0.066581    0.466067    0.466067       0.000729
   939    0.998714   -0.466067   -0.332905       0.000729
   940    0.932133   -0.399486   -0.266324       0.000729
   941    0.865552   -0.332905   -0.199743       0.000729
   942    0.798971   -0.266324   -0.133162       0.000729
   943    0.732390   -0.199743   -0.066581       0.000729
   944    0.665809   -0.133162    0.000000       0.000729
   945    0.599228   -0.066581    0.066581       0.000729
   946    0.532647    0.000000    0.133162       0.000729
   947    0.466067    0.066581    0.199743       0.000729
   948    0.399486    0.133162    0.266324       0.000729
   949    0.332905    0.199743    0.332905       0.000729
   950    0.266324    0.266324    0.399486       0.000729
   951    0.199743    0.332905    0.466067       0.000729
   952    0.133162    0.399486    0.532647       0.000729
   953    1.065295   -0.532647   -0.266324       0.000729
   954    0.998714   -0.466067   -0.199743       0.000729
   955    0.932133   -0.399486   -0.133162       0.000729
   956    0.865552   -0.332905   -0.066581       0.000729
   957    0.798971   -0.266324    0.000000       0.000729
   958    0.732390   -0.199743    0.066581       0.000729
   959    0.665809   -0.133162    0.133162       0.000729
   960    0.599228   -0.066581    0.199743       0.000729
   961    0.532647    0.000000    0.266324       0.000729
   962    0.466067    0.066581    0.332905       0.000729
   963    0.399486    0.133162    0.399486       0.000729
   964    0.332905    0.199743    0.466067       0.000729
   965    0.266324    0.266324    0.532647       0.000729
   966    0.199743    0.332905    0.599228       0.000729
   967    1.131876   -0.599228   -0.199743       0.000729
   968    1.065295   -0.532647   -0.133162       0.000729
   969    0.998714   -0.466067   -0.066581       0.000729
   970    0.932133   -0.399486    0.000000       0.000729
   971    0.865552   -0.332905    0.066581       0.000729
   972    0.798971   -0.266324    0.133162       0.000729
   973    0.732390   -0.199743    0.199743       0.000729
   974    0.665809   -0.133162    0.266324       0.000729
   975    0.599228   -0.066581    0.332905       0.000729
   976    0.532647    0.000000    0.399486       0.000729
   977    0.466067    0.066581    0.466067       0.000729
   978    0.399486    0.133162    0.532647       0.000729
   979    0.332905    0.199743    0.599228       0.000729
   980    0.266324    0.266324    0.665809       0.000729
   981    0.332905    0.332905   -1.131876       0.000729
   982    0.266324    0.399486   -1.065295       0.000729
   983    0.199743    0.466067   -0.998714       0.000729
   984    0.133162    0.532647   -0.932133       0.000729
   985    0.066581    0.599228   -0.865552       0.000729
   986    0.000000    0.665809   -0.798971       0.000729
   987   -0.066581    0.732390   -0.732390       0.000729
   988   -0.133162    0.798971   -0.665809       0.000729
   989   -0.199743    0.865552   -0.599228       0.000729
   990   -0.266324    0.932133   -0.532647       0.000729
   991   -0.332905    0.998714   -0.466067       0.000729
   992   -0.399486    1.065295   -0.399486       0.000729
   993   -0.466067    1.131876   -0.332905       0.000729
   994   -0.532647    1.198457   -0.266324       0.000729
   995    0.399486    0.266324   -1.065295       0.000729
   996    0.332905    0.332905   -0.998714       0.000729
   997    0.266324    0.399486   -0.932133       0.000729
   998    0.199743    0.466067   -0.865552       0.000729
   999    0.133162    0.532647   -0.798971       0.000729
  1000    0.066581    0.599228   -0.732390       0.000729
  1001    0.000000    0.665809   -0.665809       0.000729
  1002   -0.066581    0.732390   -0.599228       0.000729
  1003   -0.133162    0.798971   -0.532647       0.000729
  1004   -0.199743    0.865552   -0.466067       0.000729
  1005   -0.266324    0.932133   -0.399486       0.000729
  1006   -0.332905    0.998714   -0.332905       0.000729
  1007   -0.399486    1.065295   -0.266324       0.000729
  1008   -0.466067    1.131876   -0.199743       0.000729
  1009    0.466067    0.199743   -0.998714       0.000729
  1010    0.399486    0.266324   -0.932133       0.000729
  1011    0.332905    0.332905   -0.865552       0.000729
  1012    0.266324    0.399486   -0.798971       0.000729
  1013    0.199743    0.466067   -0.732390       0.000729
  1014    0.133162    0.532647   -0.665809       0.000729
  1015    0.066581    0.599228   -0.599228       0.000729
  1016    0.000000    0.665809   -0.532647       0.000729
  1017   -0.066581    0.732390   -0.466067       0.000729
  1018   -0.133162    0.798971   -0.399486       0.000729
  1019   -0.199743    0.865552   -0.332905       0.000729
  1020   -0.266324    0.932133   -0.266324       0.000729
  1021   -0.332905    0.998714   -0.199743       0.000729
  1022   -0.399486    1.065295   -0.133162       0.000729
  1023    0.532647    0.133162   -0.932133       0.000729
  1024    0.466067    0.199743   -0.865552       0.000729
  1025    0.399486    0.266324   -0.798971       0.000729
  1026    0.332905    0.332905   -0.732390       0.000729
  1027    0.266324    0.399486   -0.665809       0.000729
  1028    0.199743    0.466067   -0.599228       0.000729
  1029    0.133162    0.532647   -0.532647       0.000729
  1030    0.066581    0.599228   -0.466067       0.000729
  1031    0.000000    0.665809   -0.399486       0.000729
  1032   -0.066581    0.732390   -0.332905       0.000729
  1033   -0.133162    0.798971   -0.266324       0.000729
  1034   -0.199743    0.865552   -0.199743       0.000729
  1035   -0.266324    0.932133   -0.133162       0.000729
  1036   -0.332905    0.998714   -0.066581       0.000729
  1037    0.599228    0.066581   -0.865552       0.000729
  1038    0.532647    0.133162   -0.798971       0.000729
  1039    0.466067    0.199743   -0.732390       0.000729
  1040    0.399486    0.266324   -0.665809       0.000729
  1041    0.332905    0.332905   -0.599228       0.000729
  1042    0.266324    0.399486   -0.532647       0.000729
  1043    0.199743    0.466067   -0.466067       0.000729
  1044    0.133162    0.532647   -0.399486       0.000729
  1045    0.066581    0.599228   -0.332905       0.000729
  1046    0.000000    0.665809   -0.266324       0.000729
  1047   -0.066581    0.732390   -0.199743       0.000729
  1048   -0.133162    0.798971   -0.133162       0.000729
  1049   -0.199743    0.865552   -0.066581       0.000729
  1050   -0.266324    0.932133    0.000000       0.000729
  1051    0.665809    0.000000   -0.798971       0.000729
  1052    0.599228    0.066581   -0.732390       0.000729
  1053    0.532647    0.133162   -0.665809       0.000729
  1054    0.466067    0.199743   -0.599228       0.000729
  1055    0.399486    0.266324   -0.532647       0.000729
  1056    0.332905    0.332905   -0.466067       0.000729
  1057    0.266324    0.399486   -0.399486       0.000729
  1058    0.199743    0.466067   -0.332905       0.000729
  1059    0.133162    0.532647   -0.266324       0.000729
  1060    0.066581    0.599228   -0.199743       0.000729
  1061    0.000000    0.665809   -0.133162       0.000729
  1062   -0.066581    0.732390   -0.066581       0.000729
  1063   -0.133162    0.798971    0.000000       0.000729
  1064   -0.199743    0.865552    0.066581       0.000729
  1065    0.732390   -0.066581   -0.732390       0.000729
  1066    0.665809    0.000000   -0.665809       0.000729
  1067    0.599228    0.066581   -0.599228       0.000729
  1068    0.532647    0.133162   -0.532647       0.000729
  1069    0.466067    0.199743   -0.466067       0.000729
  1070    0.399486    0.266324   -0.399486       0.000729
  1071    0.332905    0.332905   -0.332905       0.000729
  1072    0.266324    0.399486   -0.266324       0.000729
  1073    0.199743    0.466067   -0.199743       0.000729
  1074    0.133162    0.532647   -0.133162       0.000729
  1075    0.066581    0.599228   -0.066581       0.000729
  1076    0.000000    0.665809    0.000000       0.000729
  1077   -0.066581    0.732390    0.066581       0.000729
  1078   -0.133162    0.798971    0.133162       0.000729
  1079    0.798971   -0.133162   -0.665809       0.000729
  1080    0.732390   -0.066581   -0.599228       0.000729
  1081    0.665809    0.000000   -0.532647       0.000729
  1082    0.599228    0.066581   -0.466067       0.000729
  1083    0.532647    0.133162   -0.399486       0.000729
  1084    0.466067    0.199743   -0.332905       0.000729
  1085    0.399486    0.266324   -0.266324       0.000729
  1086    0.332905    0.332905   -0.199743       0.000729
  1087    0.266324    0.399486   -0.133162       0.000729
  1088    0.199743    0.466067   -0.066581       0.000729
  1089    0.133162    0.532647    0.000000       0.000729
  1090    0.066581    0.599228    0.066581       0.000729
  1091    0.000000    0.665809    0.133162       0.000729
  1092   -0.066581    0.732390    0.199743       0.000729
  1093    0.865552   -0.199743   -0.599228       0.000729
  1094    0.798971   -0.133162   -0.532647       0.000729
  1095    0.732390   -0.066581   -0.466067       0.000729
  1096    0.665809    0.000000   -0.399486       0.000729
  1097    0.599228    0.066581   -0.332905       0.000729
  1098    0.532647    0.133162   -0.266324       0.000729
  1099    0.466067    0.199743   -0.199743       0.000729
  1100    0.399486    0.266324   -0.133162       0.000729
  1101    0.332905    0.332905   -0.066581       0.000729
  1102    0.266324    0.399486    0.000000       0.000729
  1103    0.199743    0.466067    0.066581       0.000729
  1104    0.133162    0.532647    0.133162       0.000729
  1105    0.066581    0.599228    0.199743       0.000729
  1106    0.000000    0.665809    0.266324       0.000729
  1107    0.932133   -0.266324   -0.532647       0.000729
  1108    0.865552   -0.199743   -0.466067       0.000729
  1109    0.798971   -0.133162   -0.399486       0.000729
  1110    0.732390   -0.066581   -0.332905       0.000729
  1111    0.665809    0.000000   -0.266324       0.000729
  1112    0.599228    0.066581   -0.199743       0.000729
  1113    0.532647    0.133162   -0.133162       0.000729
  1114    0.466067    0.199743   -0.066581       0.000729
  1115    0.399486    0.266324    0.000000       0.000729
  1116    0.332905    0.332905    0.066581       0.000729
  1117    0.266324    0.399486    0.133162       0.000729
  1118    0.199743    0.466067    0.199743       0.000729
  1119    0.133162    0.532647    0.266324       0.000729
  1120    0.066581    0.599228    0.332905       0.000729
  1121    0.998714   -0.332905   -0.466067       0.000729
  1122    0.932133   -0.266324   -0.399486       0.000729
  1123    0.865552   -0.199743   -0.332905       0.000729
  1124    0.798971   -0.133162   -0.266324       0.000729
  1125    0.732390   -0.066581   -0.199743       0.000729
  1126    0.665809    0.000000   -0.133162       0.000729
  1127    0.599228    0.066581   -0.066581       0.000729
  1128    0.532647    0.133162    0.000000       0.000729
  1129    0.466067    0.199743    0.066581       0.000729
  1130    0.399486    0.266324    0.133162       0.000729
  1131    0.332905    0.332905    0.199743       0.000729
  1132    0.266324    0.399486    0.266324       0.000729
  1133    0.199743    0.466067    0.332905       0.000729
  1134    0.133162    0.532647    0.399486       0.000729
  1135    1.065295   -0.399486   -0.399486       0.000729
  1136    0.998714   -0.332905   -0.332905       0.000729
  1137    0.932133   -0.266324   -0.266324       0.000729
  1138    0.865552   -0.199743   -0.199743       0.000729
  1139    0.798971   -0.133162   -0.133162       0.000729
  1140    0.732390   -0.066581   -0.066581       0.000729
  1141    0.665809    0.000000    0.000000       0.000729
  1142    0.599228    0.066581    0.066581       0.000729
  1143    0.532647    0.133162    0.133162       0.000729
  1144    0.466067    0.199743    0.199743       0.000729
  1145    0.399486    0.266324    0.266324       0.000729
  1146    0.332905    0.332905    0.332905       0.000729
  1147    0.266324    0.399486    0.399486       0.000729
  1148    0.199743    0.466067    0.466067       0.000729
  1149    1.131876   -0.466067   -0.332905       0.000729
  1150    1.065295   -0.399486   -0.266324       0.000729
  1151    0.998714   -0.332905   -0.199743       0.000729
  1152    0.932133   -0.266324   -0.133162       0.000729
  1153    0.865552   -0.199743   -0.066581       0.000729
  1154    0.798971   -0.133162    0.000000       0.000729
  1155    0.732390   -0.066581    0.066581       0.000729
  1156    0.665809    0.000000    0.133162       0.000729
  1157    0.599228    0.066581    0.199743       0.000729
  1158    0.532647    0.133162    0.266324       0.000729
  1159    0.466067    0.199743    0.332905       0.000729
  1160    0.399486    0.266324    0.399486       0.000729
  1161    0.332905    0.332905    0.466067       0.000729
  1162    0.266324    0.399486    0.532647       0.000729
  1163    1.198457   -0.532647   -0.266324       0.000729
  1164    1.131876   -0.466067   -0.199743       0.000729
  1165    1.065295   -0.399486   -0.133162       0.000729
  1166    0.998714   -0.332905   -0.066581       0.000729
  1167    0.932133   -0.266324    0.000000       0.000729
  1168    0.865552   -0.199743    0.066581       0.000729
  1169    0.798971   -0.133162    0.133162       0.000729
  1170    0.732390   -0.066581    0.199743       0.000729
  1171    0.665809    0.000000    0.266324       0.000729
  1172    0.599228    0.066581    0.332905       0.000729
  1173    0.532647    0.133162    0.399486       0.000729
  1174    0.466067    0.199743    0.466067       0.000729
  1175    0.399486    0.266324    0.532647       0.000729
  1176    0.332905    0.332905    0.599228       0.000729
  1177    0.399486    0.399486   -1.198457       0.000729
  1178    0.332905    0.466067   -1.131876       0.000729
  1179    0.266324    0.532647   -1.065295       0.000729
  1180    0.199743    0.599228   -0.998714       0.000729
  1181    0.133162    0.665809   -0.932133       0.000729
  1182    0.066581    0.732390   -0.865552       0.000729
  1183    0.000000    0.798971   -0.798971       0.000729
  1184   -0.066581    0.865552   -0.732390       0.000729
  1185   -0.133162    0.932133   -0.665809       0.000729
  1186   -0.199743    0.998714   -0.599228       0.000729
  1187   -0.266324    1.065295   -0.532647       0.000729
  1188   -0.332905    1.131876   -0.466067       0.000729
  1189   -0.399486    1.198457   -0.399486       0.000729
  1190   -0.466067    1.265038   -0.332905       0.000729
  1191    0.466067    0.332905   -1.131876       0.000729
  1192    0.399486    0.399486   -1.065295       0.000729
  1193    0.332905    0.466067   -0.998714       0.000729
  1194    0.266324    0.532647   -0.932133       0.000729
  1195    0.199743    0.599228   -0.865552       0.000729
  1196    0.133162    0.665809   -0.798971       0.000729
  1197    0.066581    0.732390   -0.732390       0.000729
  1198    0.000000    0.798971   -0.665809       0.000729
  1199   -0.066581    0.865552   -0.599228       0.000729
  1200   -0.133162    0.932133   -0.532647       0.000729
  1201   -0.199743    0.998714   -0.466067       0.000729
  1202   -0.266324    1.065295   -0.399486       0.000729
  1203   -0.332905    1.131876   -0.332905       0.000729
  1204   -0.399486    1.198457   -0.266324       0.000729
  1205    0.532647    0.266324   -1.065295       0.000729
  1206    0.466067    0.332905   -0.998714       0.000729
  1207    0.399486    0.399486   -0.932133       0.000729
  1208    0.332905    0.466067   -0.865552       0.000729
  1209    0.266324    0.532647   -0.798971       0.000729
  1210    0.199743    0.599228   -0.732390       0.000729
  1211    0.133162    0.665809   -0.665809       0.000729
  1212    0.066581    0.732390   -0.599228       0.000729
  1213    0.000000    0.798971   -0.532647       0.000729
  1214   -0.066581    0.865552   -0.466067       0.000729
  1215   -0.133162    0.932133   -0.399486       0.000729
  1216   -0.199743    0.998714   -0.332905       0.000729
  1217   -0.266324    1.065295   -0.266324       0.000729
  1218   -0.332905    1.131876   -0.199743       0.000729
  1219    0.599228    0.199743   -0.998714       0.000729
  1220    0.532647    0.266324   -0.932133       0.000729
  1221    0.466067    0.332905   -0.865552       0.000729
  1222    0.399486    0.399486   -0.798971       0.000729
  1223    0.332905    0.466067   -0.732390       0.000729
  1224    0.266324    0.532647   -0.665809       0.000729
  1225    0.199743    0.599228   -0.599228       0.000729
  1226    0.133162    0.665809   -0.532647       0.000729
  1227    0.066581    0.732390   -0.466067       0.000729
  1228    0.000000    0.798971   -0.399486       0.000729
  1229   -0.066581    0.865552   -0.332905       0.000729
  1230   -0.133162    0.932133   -0.266324       0.000729
  1231   -0.199743    0.998714   -0.199743       0.000729
  1232   -0.266324    1.065295   -0.133162       0.000729
  1233    0.665809    0.133162   -0.932133       0.000729
  1234    0.599228    0.199743   -0.865552       0.000729
  1235    0.532647    0.266324   -0.798971       0.000729
  1236    0.466067    0.332905   -0.732390       0.000729
  1237    0.399486    0.399486   -0.665809       0.000729
  1238    0.332905    0.466067   -0.599228       0.000729
  1239    0.266324    0.532647   -0.532647       0.000729
  1240    0.199743    0.599228   -0.466067       0.000729
  1241    0.133162    0.665809   -0.399486       0.000729
  1242    0.066581    0.732390   -0.332905       0.000729
  1243    0.000000    0.798971   -0.266324       0.000729
  1244   -0.066581    0.865552   -0.199743       0.000729
  1245   -0.133162    0.932133   -0.133162       0.000729
  1246   -0.199743    0.998714   -0.066581       0.000729
  1247    0.732390    0.066581   -0.865552       0.000729
  1248    0.665809    0.133162   -0.798971       0.000729
  1249    0.599228    0.199743   -0.732390       0.000729
  1250    0.532647    0.266324   -0.665809       0.000729
  1251    0.466067    0.332905   -0.599228       0.000729
  1252    0.399486    0.399486   -0.532647       0.000729
  1253    0.332905    0.466067   -0.466067       0.000729
  1254    0.266324    0.532647   -0.399486       0.000729
  1255    0.199743    0.599228   -0.332905       0.000729
  1256    0.133162    0.665809   -0.266324       0.000729
  1257    0.066581    0.732390   -0.199743       0.000729
  1258    0.000000    0.798971   -0.133162       0.000729
  1259   -0.066581    0.865552   -0.066581       0.000729
  1260   -0.133162    0.932133    0.000000       0.000729
  1261    0.798971    0.000000   -0.798971       0.000729
  1262    0.732390    0.066581   -0.732390       0.000729
  1263    0.665809    0.133162   -0.665809       0.000729
  1264    0.599228    0.199743   -0.599228       0.000729
  1265    0.532647    0.266324   -0.532647       0.000729
  1266    0.466067    0.332905   -0.466067       0.000729
  1267    0.399486    0.399486   -0.399486       0.000729
  1268    0.332905    0.466067   -0.332905       0.000729
  1269    0.266324    0.532647   -0.266324       0.000729
  1270    0.199743    0.599228   -0.199743       0.000729
  1271    0.133162    0.665809   -0.133162       0.000729
  1272    0.066581    0.732390   -0.066581       0.000729
  1273    0.000000    0.798971    0.000000       0.000729
  1274   -0.066581    0.865552    0.066581       0.000729
  1275    0.865552   -0.066581   -0.732390       0.000729
  1276    0.798971    0.000000   -0.665809       0.000729
  1277    0.732390    0.066581   -0.599228       0.000729
  1278    0.665809    0.133162   -0.532647       0.000729
  1279    0.599228    0.199743   -0.466067       0.000729
  1280    0.532647    0.266324   -0.399486       0.000729
  1281    0.466067    0.332905   -0.332905       0.000729
  1282    0.399486    0.399486   -0.266324       0.000729
  1283    0.332905    0.466067   -0.199743       0.000729
  1284    0.266324    0.532647   -0.133162       0.000729
  1285    0.199743    0.599228   -0.066581       0.000729
  1286    0.133162    0.665809    0.000000       0.000729
  1287    0.066581    0.732390    0.066581       0.000729
  1288    0.000000    0.798971    0.133162       0.000729
  1289    0.932133   -0.133162   -0.665809       0.000729
  1290    0.865552   -0.066581   -0.599228       0.000729
  1291    0.798971    0.000000   -0.532647       0.000729
  1292    0.732390    0.066581   -0.466067       0.000729
  1293    0.665809    0.133162   -0.399486       0.000729
  1294    0.599228    0.199743   -0.332905       0.000729
  1295    0.532647    0.266324   -0.266324       0.000729
  1296    0.466067    0.332905   -0.199743       0.000729
  1297    0.399486    0.399486   -0.133162       0.000729
  1298    0.332905    0.466067   -0.066581       0.000729
  1299    0.266324    0.532647    0.000000       0.000729
  1300    0.199743    0.599228    0.066581       0.000729
  1301    0.133162    0.665809    0.133162       0.000729
  1302    0.066581    0.732390    0.199743       0.000729
  1303    0.998714   -0.199743   -0.599228       0.000729
  1304    0.932133   -0.133162   -0.532647       0.000729
  1305    0.865552   -0.066581   -0.466067       0.000729
  1306    0.798971    0.000000   -0.399486       0.000729
  1307    0.732390    0.066581   -0.332905       0.000729
  1308    0.665809    0.133162   -0.266324       0.000729
  1309    0.599228    0.199743   -0.199743       0.000729
  1310    0.532647    0.266324   -0.133162       0.000729
  1311    0.466067    0.332905   -0.066581       0.000729
  1312    0.399486    0.399486    0.000000       0.000729
  1313    0.332905    0.466067    0.066581       0.000729
  1314    0.266324    0.532647    0.133162       0.000729
  1315    0.199743    0.599228    0.199743       0.000729
  1316    0.133162    0.665809    0.266324       0.000729
  1317    1.065295   -0.266324   -0.532647       0.000729
  1318    0.998714   -0.199743   -0.466067       0.000729
  1319    0.932133   -0.133162   -0.399486       0.000729
  1320    0.865552   -0.066581   -0.332905       0.000729
  1321    0.798971    0.000000   -0.266324       0.000729
  1322    0.732390    0.066581   -0.199743       0.000729
  1323    0.665809    0.133162   -0.133162       0.000729
  1324    0.599228    0.199743   -0.066581       0.000729
  1325    0.532647    0.266324    0.000000       0.000729
  1326    0.466067    0.332905    0.066581       0.000729
  1327    0.399486    0.399486    0.133162       0.000729
  1328    0.332905    0.466067    0.199743       0.000729
  1329    0.266324    0.532647    0.266324       0.000729
  1330    0.199743    0.599228    0.332905       0.000729
  1331    1.131876   -0.332905   -0.466067       0.000729
  1332    1.065295   -0.266324   -0.399486       0.000729
  1333    0.998714   -0.199743   -0.332905       0.000729
  1334    0.932133   -0.133162   -0.266324       0.000729
  1335    0.865552   -0.066581   -0.199743       0.000729
  1336    0.798971    0.000000   -0.133162       0.000729
  1337    0.732390    0.066581   -0.066581       0.000729
  1338    0.665809    0.133162    0.000000       0.000729
  1339    0.599228    0.199743    0.066581       0.000729
  1340    0.532647    0.266324    0.133162       0.000729
  1341    0.466067    0.332905    0.199743       0.000729
  1342    0.399486    0.399486    0.266324       0.000729
  1343    0.332905    0.466067    0.332905       0.000729
  1344    0.266324    0.532647    0.399486       0.000729
  1345    1.198457   -0.399486   -0.399486       0.000729
  1346    1.131876   -0.332905   -0.332905       0.000729
  1347    1.065295   -0.266324   -0.266324       0.000729
  1348    0.998714   -0.199743   -0.199743       0.000729
  1349    0.932133   -0.133162   -0.133162       0.000729
  1350    0.865552   -0.066581   -0.066581       0.000729
  1351    0.798971    0.000000    0.000000       0.000729
  1352    0.732390    0.066581    0.066581       0.000729
  1353    0.665809    0.133162    0.133162       0.000729
  1354    0.599228    0.199743    0.199743       0.000729
  1355    0.532647    0.266324    0.266324       0.000729
  1356    0.466067    0.332905    0.332905       0.000729
  1357    0.399486    0.399486    0.399486       0.000729
  1358    0.332905    0.466067    0.466067       0.000729
  1359    1.265038   -0.466067   -0.332905       0.000729
  1360    1.198457   -0.399486   -0.266324       0.000729
  1361    1.131876   -0.332905   -0.199743       0.000729
  1362    1.065295   -0.266324   -0.133162       0.000729
  1363    0.998714   -0.199743   -0.066581       0.000729
  1364    0.932133   -0.133162    0.000000       0.000729
  1365    0.865552   -0.066581    0.066581       0.000729
  1366    0.798971    0.000000    0.133162       0.000729
  1367    0.732390    0.066581    0.199743       0.000729
  1368    0.665809    0.133162    0.266324       0.000729
  1369    0.599228    0.199743    0.332905       0.000729
  1370    0.532647    0.266324    0.399486       0.000729
  1371    0.466067    0.332905    0.466067       0.000729
  1372    0.399486    0.399486    0.532647       0.000729
  1373    0.466067    0.466067   -1.265038       0.000364
  1374    0.399486    0.532647   -1.198457       0.000364
  1375    0.332905    0.599228   -1.131876       0.000364
  1376    0.266324    0.665809   -1.065295       0.000364
  1377    0.199743    0.732390   -0.998714       0.000364
  1378    0.133162    0.798971   -0.932133       0.000364
  1379    0.066581    0.865552   -0.865552       0.000364
  1380    0.000000    0.932133   -0.798971       0.000364
  1381   -0.066581    0.998714   -0.732390       0.000364
  1382   -0.133162    1.065295   -0.665809       0.000364
  1383   -0.199743    1.131876   -0.599228       0.000364
  1384   -0.266324    1.198457   -0.532647       0.000364
  1385   -0.332905    1.265038   -0.466067       0.000364
  1386   -0.399486    1.331619   -0.399486       0.000364
  1387    0.532647    0.399486   -1.198457       0.000364
  1388    0.466067    0.466067   -1.131876       0.000364
  1389    0.399486    0.532647   -1.065295       0.000364
  1390    0.332905    0.599228   -0.998714       0.000364
  1391    0.266324    0.665809   -0.932133       0.000364
  1392    0.199743    0.732390   -0.865552       0.000364
  1393    0.133162    0.798971   -0.798971       0.000364
  1394    0.066581    0.865552   -0.732390       0.000364
  1395    0.000000    0.932133   -0.665809       0.000364
  1396   -0.066581    0.998714   -0.599228       0.000364
  1397   -0.133162    1.065295   -0.532647       0.000364
  1398   -0.199743    1.131876   -0.466067       0.000364
  1399   -0.266324    1.198457   -0.399486       0.000364
  1400   -0.332905    1.265038   -0.332905       0.000364
  1401    0.599228    0.332905   -1.131876       0.000364
  1402    0.532647    0.399486   -1.065295       0.000364
  1403    0.466067    0.466067   -0.998714       0.000364
  1404    0.399486    0.532647   -0.932133       0.000364
  1405    0.332905    0.599228   -0.865552       0.000364
  1406    0.266324    0.665809   -0.798971       0.000364
  1407    0.199743    0.732390   -0.732390       0.000364
  1408    0.133162    0.798971   -0.665809       0.000364
  1409    0.066581    0.865552   -0.599228       0.000364
  1410    0.000000    0.932133   -0.532647       0.000364
  1411   -0.066581    0.998714   -0.466067       0.000364
  1412   -0.133162    1.065295   -0.399486       0.000364
  1413   -0.199743    1.131876   -0.332905       0.000364
  1414   -0.266324    1.198457   -0.266324       0.000364
  1415    0.665809    0.266324   -1.065295       0.000364
  1416    0.599228    0.332905   -0.998714       0.000364
  1417    0.532647    0.399486   -0.932133       0.000364
  1418    0.466067    0.466067   -0.865552       0.000364
  1419    0.399486    0.532647   -0.798971       0.000364
  1420    0.332905    0.599228   -0.732390       0.000364
  1421    0.266324    0.665809   -0.665809       0.000364
  1422    0.199743    0.732390   -0.599228       0.000364
  1423    0.133162    0.798971   -0.532647       0.000364
  1424    0.066581    0.865552   -0.466067       0.000364
  1425    0.000000    0.932133   -0.399486       0.000364
  1426   -0.066581    0.998714   -0.332905       0.000364
  1427   -0.133162    1.065295   -0.266324       0.000364
  1428   -0.199743    1.131876   -0.199743       0.000364
  1429    0.732390    0.199743   -0.998714       0.000364
  1430    0.665809    0.266324   -0.932133       0.000364
  1431    0.599228    0.332905   -0.865552       0.000364
  1432    0.532647    0.399486   -0.798971       0.000364
  1433    0.466067    0.466067   -0.732390       0.000364
  1434    0.399486    0.532647   -0.665809       0.000364
  1435    0.332905    0.599228   -0.599228       0.000364
  1436    0.266324    0.665809   -0.532647       0.000364
  1437    0.199743    0.732390   -0.466067       0.000364
  1438    0.133162    0.798971   -0.399486       0.000364
  1439    0.066581    0.865552   -0.332905       0.000364
  1440    0.000000    0.932133   -0.266324       0.000364
  1441   -0.066581    0.998714   -0.199743       0.000364
  1442   -0.133162    1.065295   -0.133162       0.000364
  1443    0.798971    0.133162   -0.932133       0.000364
  1444    0.732390    0.199743   -0.865552       0.000364
  1445    0.665809    0.266324   -0.798971       0.000364
  1446    0.599228    0.332905   -0.732390       0.000364
  1447    0.532647    0.399486   -0.665809       0.000364
  1448    0.466067    0.466067   -0.599228       0.000364
  1449    0.399486    0.532647   -0.532647       0.000364
  1450    0.332905    0.599228   -0.466067       0.000364
  1451    0.266324    0.665809   -0.399486       0.000364
  1452    0.199743    0.732390   -0.332905       0.000364
  1453    0.133162    0.798971   -0.266324       0.000364
  1454    0.066581    0.865552   -0.199743       0.000364
  1455    0.000000    0.932133   -0.133162       0.000364
  1456   -0.066581    0.998714   -0.066581       0.000364
  1457    0.865552    0.066581   -0.865552       0.000364
  1458    0.798971    0.133162   -0.798971       0.000364
  1459    0.732390    0.199743   -0.732390       0.000364
  1460    0.665809    0.266324   -0.665809       0.000364
  1461    0.599228    0.332905   -0.599228       0.000364
  1462    0.532647    0.399486   -0.532647       0.000364
  1463    0.466067    0.466067   -0.466067       0.000364
  1464    0.399486    0.532647   -0.399486       0.000364
  1465    0.332905    0.599228   -0.332905       0.000364
  1466    0.266324    0.665809   -0.266324       0.000364
  1467    0.199743    0.732390   -0.199743       0.000364
  1468    0.133162    0.798971   -0.133162       0.000364
  1469    0.066581    0.865552   -0.066581       0.000364
  1470    0.000000    0.932133    0.000000       0.000364
  1471    0.932133    0.000000   -0.798971       0.000364
  1472    0.865552    0.066581   -0.732390       0.000364
  1473    0.798971    0.133162   -0.665809       0.000364
  1474    0.732390    0.199743   -0.599228       0.000364
  1475    0.665809    0.266324   -0.532647       0.000364
  1476    0.599228    0.332905   -0.466067       0.000364
  1477    0.532647    0.399486   -0.399486       0.000364
  1478    0.466067    0.466067   -0.332905       0.000364
  1479    0.399486    0.532647   -0.266324       0.000364
  1480    0.332905    0.599228   -0.199743       0.000364
  1481    0.266324    0.665809   -0.133162       0.000364
  1482    0.199743    0.732390   -0.066581       0.000364
  1483    0.133162    0.798971    0.000000       0.000364
  1484    0.066581    0.865552    0.066581       0.000364
  1485    0.998714   -0.066581   -0.732390       0.000364
  1486    0.932133    0.000000   -0.665809       0.000364
  1487    0.865552    0.066581   -0.599228       0.000364
  1488    0.798971    0.133162   -0.532647       0.000364
  1489    0.732390    0.199743   -0.466067       0.000364
  1490    0.665809    0.266324   -0.399486       0.000364
  1491    0.599228    0.332905   -0.332905       0.000364
  1492    0.532647    0.399486   -0.266324       0.000364
  1493    0.466067    0.466067   -0.199743       0.000364
  1494    0.399486    0.532647   -0.133162       0.000364
  1495    0.332905    0.599228   -0.066581       0.000364
  1496    0.266324    0.665809    0.000000       0.000364
  1497    0.199743    0.732390    0.066581       0.000364
  1498    0.133162    0.798971    0.133162       0.000364
  1499    1.065295   -0.133162   -0.665809       0.000364
  1500    0.998714   -0.066581   -0.599228       0.000364
  1501    0.932133    0.000000   -0.532647       0.000364
  1502    0.865552    0.066581   -0.466067       0.000364
  1503    0.798971    0.133162   -0.399486       0.000364
  1504    0.732390    0.199743   -0.332905       0.000364
  1505    0.665809    0.266324   -0.266324       0.000364
  1506    0.599228    0.332905   -0.199743       0.000364
  1507    0.532647    0.399486   -0.133162       0.000364
  1508    0.466067    0.466067   -0.066581       0.000364
  1509    0.399486    0.532647    0.000000       0.000364
  1510    0.332905    0.599228    0.066581       0.000364
  1511    0.266324    0.665809    0.133162       0.000364
  1512    0.199743    0.732390    0.199743       0.000364
  1513    1.131876   -0.199743   -0.599228       0.000364
  1514    1.065295   -0.133162   -0.532647       0.000364
  1515    0.998714   -0.066581   -0.466067       0.000364
  1516    0.932133    0.000000   -0.399486       0.000364
  1517    0.865552    0.066581   -0.332905       0.000364
  1518    0.798971    0.133162   -0.266324       0.000364
  1519    0.732390    0.199743   -0.199743       0.000364
  1520    0.665809    0.266324   -0.133162       0.000364
  1521    0.599228    0.332905   -0.066581       0.000364
  1522    0.532647    0.399486    0.000000       0.000364
  1523    0.466067    0.466067    0.066581       0.000364
  1524    0.399486    0.532647    0.133162       0.000364
  1525    0.332905    0.599228    0.199743       0.000364
  1526    0.266324    0.665809    0.266324       0.000364
  1527    1.198457   -0.266324   -0.532647       0.000364
  1528    1.131876   -0.199743   -0.466067       0.000364
  1529    1.065295   -0.133162   -0.399486       0.000364
  1530    0.998714   -0.066581   -0.332905       0.000364
  1531    0.932133    0.000000   -0.266324       0.000364
  1532    0.865552    0.066581   -0.199743       0.000364
  1533    0.798971    0.133162   -0.133162       0.000364
  1534    0.732390    0.199743   -0.066581       0.000364
  1535    0.665809    0.266324    0.000000       0.000364
  1536    0.599228    0.332905    0.066581       0.000364
  1537    0.532647    0.399486    0.133162       0.000364
  1538    0.466067    0.466067    0.199743       0.000364
  1539    0.399486    0.532647    0.266324       0.000364
  1540    0.332905    0.599228    0.332905       0.000364
  1541    1.265038   -0.332905   -0.466067       0.000364
  1542    1.198457   -0.266324   -0.399486       0.000364
  1543    1.131876   -0.199743   -0.332905       0.000364
  1544    1.065295   -0.133162   -0.266324       0.000364
  1545    0.998714   -0.066581   -0.199743       0.000364
  1546    0.932133    0.000000   -0.133162       0.000364
  1547    0.865552    0.066581   -0.066581       0.000364
  1548    0.798971    0.133162    0.000000       0.000364
  1549    0.732390    0.199743    0.066581       0.000364
  1550    0.665809    0.266324    0.133162       0.000364
  1551    0.599228    0.332905    0.199743       0.000364
  1552    0.532647    0.399486    0.266324       0.000364
  1553    0.466067    0.466067    0.332905       0.000364
  1554    0.399486    0.532647    0.399486       0.000364
  1555    1.331619   -0.399486   -0.399486       0.000364
  1556    1.265038   -0.332905   -0.332905       0.000364
  1557    1.198457   -0.266324   -0.266324       0.000364
  1558    1.131876   -0.199743   -0.199743       0.000364
  1559    1.065295   -0.133162   -0.133162       0.000364
  1560    0.998714   -0.066581   -0.066581       0.000364
  1561    0.932133    0.000000    0.000000       0.000364
  1562    0.865552    0.066581    0.066581       0.000364
  1563    0.798971    0.133162    0.133162       0.000364
  1564    0.732390    0.199743    0.199743       0.000364
  1565    0.665809    0.266324    0.266324       0.000364
  1566    0.599228    0.332905    0.332905       0.000364
  1567    0.532647    0.399486    0.399486       0.000364
  1568    0.466067    0.466067    0.466067       0.000364
