0.000000000000	 0.380471529928
0.225015916564	 0.376818786419
0.450031833127	 0.366249720916
0.675047749691	 0.349822054180
0.900063666255	 0.328982726663
1.125079582818	 0.305238076102
1.350095499382	 0.279892830829
1.575111415946	 0.253920250958
1.800127332510	 0.227956309096
2.025143249073	 0.202368574405
2.250159165637	 0.177346079274
2.475175082201	 0.152975671539
2.700190998764	 0.129293095960
2.925206915328	 0.106311558446
3.150222831892	 0.084035445081
3.375238748455	 0.062466066959
3.600254665019	 0.041603777124
3.825270581583	 0.021448661272
4.050286498147	 0.002000738166
4.275302414710	-0.016739988488
4.500318331274	-0.034773518029
4.725334247838	-0.052099850349
4.950350164401	-0.068718985434
5.175366080965	-0.084630923282
5.400381997529	-0.099835663892
5.625397914092	-0.114333207265
5.850413830656	-0.128123553400
6.075429747220	-0.141206702297
6.300445663783	-0.153582653956
6.525461580347	-0.165251408378
6.750477496911	-0.176212965562
6.975493413475	-0.186467325508
7.200509330038	-0.196014488217
7.425525246602	-0.204854453688
7.650541163166	-0.212987221921
7.875557079729	-0.220412792917
8.100572996293	-0.227131166675
8.325588912857	-0.233142343195
8.550604829420	-0.238446322478
8.775620745984	-0.243043104523
9.000636662548	-0.246932689330
9.225652579112	-0.250115076899
9.450668495675	-0.252590267231
9.675684412239	-0.254358260325
9.900700328803	-0.255419056182
10.125716245366	-0.255772654801
10.350732161930	-0.255419056182
10.575748078494	-0.254358260325
10.800763995057	-0.252590267231
11.025779911621	-0.250115076899
11.250795828185	-0.246932689330
11.475811744748	-0.243043104523
11.700827661312	-0.238446322478
11.925843577876	-0.233142343195
12.150859494440	-0.227131166675
12.375875411003	-0.220412792917
12.600891327567	-0.212987221921
12.825907244131	-0.204854453688
13.050923160694	-0.196014488217
13.275939077258	-0.186467325508
13.500954993822	-0.176212965562
13.725970910385	-0.165251408378
13.950986826949	-0.153582653956
14.176002743513	-0.141206702297
14.401018660077	-0.128123553400
14.626034576640	-0.114333207265
14.851050493204	-0.099835663892
15.076066409768	-0.084630923282
15.301082326331	-0.068718985434
15.526098242895	-0.052099850349
15.751114159459	-0.034773518029
15.976130076022	-0.016739988488
16.201145992586	 0.002000738166
16.426161909150	 0.021448661272
16.651177825713	 0.041603777124
16.876193742277	 0.062466066959
17.101209658841	 0.084035445081
17.326225575405	 0.106311558446
17.551241491968	 0.129293095960
17.776257408532	 0.152975671539
18.001273325096	 0.177346079274
18.226289241659	 0.202368574405
18.451305158223	 0.227956309096
18.676321074787	 0.253920250958
18.901336991350	 0.279892830829
19.126352907914	 0.305238076102
19.351368824478	 0.328982726663
19.576384741042	 0.349822054180
19.801400657605	 0.366249720916
20.026416574169	 0.376818786419
&
0.000000	-0.010198	-0.390670
0.225016	-0.023168	-0.399987
0.450032	-0.031260	-0.397509
0.675048	-0.035322	-0.385144
0.900064	-0.036310	-0.365293
1.125080	-0.037500	-0.342738
1.350095	-0.033263	-0.313156
1.575111	-0.024385	-0.278306
1.800127	-0.011489	-0.239445
2.025143	-0.003363	-0.205731
2.250159	-0.000024	-0.177370
2.475175	-0.002215	-0.155191
2.700191	-0.003957	-0.133250
2.925207	-0.010582	-0.116894
3.150223	-0.025376	-0.109412
3.375239	-0.048977	-0.111443
3.600255	-0.074961	-0.116565
3.825271	-0.095741	-0.117190
4.050286	-0.110842	-0.112842
4.275302	-0.123655	-0.106915
4.500318	-0.131902	-0.097128
4.725334	-0.124691	-0.072591
4.950350	-0.102360	-0.033641
5.175366	-0.069841	0.014790
5.400382	-0.048311	0.051525
5.625398	-0.037868	0.076465
5.850414	-0.038903	0.089221
6.075430	-0.035129	0.106078
6.300446	-0.047222	0.106360
6.525462	-0.087276	0.077975
6.750477	-0.157206	0.019007
6.975493	-0.234157	-0.047690
7.200509	-0.292138	-0.096124
7.425525	-0.330203	-0.125349
7.650541	-0.348992	-0.136004
7.875557	-0.311502	-0.091090
8.100573	-0.193865	0.033266
8.325589	-0.015784	0.217358
8.550605	0.159737	0.398183
8.775621	0.272621	0.515664
9.000637	0.336668	0.583601
9.225653	0.377086	0.627201
9.450668	0.467421	0.720011
9.675684	0.617538	0.871896
9.900700	0.765815	1.021234
10.125716	0.849183	1.104955
10.350732	0.810495	1.065914
10.575748	0.676545	0.930903
10.800764	0.509813	0.762403
11.025780	0.382191	0.632306
11.250796	0.318904	0.565836
11.475812	0.233066	0.476109
11.700828	0.095684	0.334131
11.925844	-0.100027	0.133115
12.150859	-0.281015	-0.053883
12.375875	-0.381308	-0.160895
12.600891	-0.401129	-0.188142
12.825907	-0.364848	-0.159994
13.050923	-0.314475	-0.118461
13.275939	-0.243796	-0.057329
13.500955	-0.153428	0.022785
13.725971	-0.072679	0.092573
13.950987	-0.027350	0.126233
14.176003	-0.015204	0.126003
14.401019	-0.022226	0.105897
14.626035	-0.025515	0.088818
14.851050	-0.040195	0.059641
15.076066	-0.066434	0.018197
15.301082	-0.102013	-0.033294
15.526098	-0.124250	-0.072150
15.751114	-0.126985	-0.092212
15.976130	-0.110450	-0.093710
16.201146	-0.087238	-0.089239
16.426162	-0.071033	-0.092481
16.651178	-0.060295	-0.101899
16.876194	-0.055701	-0.118167
17.101210	-0.052960	-0.136995
17.326226	-0.049127	-0.155438
17.551241	-0.042509	-0.171802
17.776257	-0.034172	-0.187148
18.001273	-0.026386	-0.203732
18.226289	-0.022328	-0.224697
18.451305	-0.020466	-0.248423
18.676321	-0.021088	-0.275008
18.901337	-0.019451	-0.299344
19.126353	-0.015420	-0.320658
19.351369	-0.007502	-0.336485
19.576385	0.001090	-0.348732
19.801401	0.004751	-0.361498
20.026417	0.000546	-0.376273
