Automatically generated mesh
     504
Reciprocal lattice
    0.00000000000000    0.00000000000000    0.00000000000000             1
    0.10000000000000    0.00000000000000    0.00000000000000             2
    0.00000000000000    0.10000000000000    0.00000000000000             2
    0.00000000000000    0.00000000000001    0.10000000000000             2
    0.10000000000000    0.10000000000000    0.10000000000000             2
    0.20000000000000    0.00000000000000    0.00000000000000             2
    0.00000000000000    0.20000000000000    0.00000000000000             2
    0.00000000000000    0.00000000000000    0.20000000000000             2
    0.20000000000000    0.20000000000000    0.20000000000000             2
    0.30000000000001    0.00000000000000    0.00000000000000             2
    0.00000000000000    0.30000000000000    0.00000000000000             2
    0.00000000000000    0.00000000000000    0.30000000000001             2
    0.30000000000001    0.30000000000001    0.30000000000001             2
    0.40000000000000    0.00000000000000    0.00000000000000             2
    0.00000000000001    0.40000000000001    0.00000000000000             2
    0.00000000000000    0.00000000000000    0.40000000000000             2
    0.40000000000000    0.40000000000000    0.40000000000000             2
    0.49999999999999    0.00000000000001    0.00000000000000             1
    0.00000000000000    0.49999999999999    0.00000000000001             1
    0.00000000000001    0.00000000000000    0.49999999999999             1
    0.50000000000000    0.49999999999999    0.49999999999999             1
    0.10000000000000    0.10000000000000    0.00000000000000             2
    0.00000000000000    0.10000000000000    0.10000000000000             2
    0.10000000000000    0.00000000000000    0.10000000000000             2
    0.20000000000000    0.10000000000000    0.00000000000000             2
    0.00000000000000    0.20000000000000    0.10000000000000             2
    0.10000000000000    0.00000000000000    0.20000000000000             2
    0.10000000000000    0.10000000000001   -0.10000000000000             2
    0.20000000000000    0.10000000000001    0.20000000000000             2
    0.10000000000000    0.20000000000000    0.00000000000000             2
    0.10000000000000   -0.10000000000000   -0.10000000000000             2
    0.20000000000000    0.20000000000000    0.10000000000000             2
    0.00000000000000    0.10000000000000    0.20000000000000             2
   -0.10000000000000    0.10000000000000   -0.10000000000000             2
    0.10000000000000    0.20000000000000    0.20000000000000             2
    0.20000000000000    0.00000000000000    0.10000000000000             2
    0.30000000000001    0.10000000000000    0.00000000000000             2
    0.00000000000000    0.30000000000001    0.10000000000000             2
    0.10000000000000    0.00000000000000    0.30000000000001             2
    0.10000000000000    0.10000000000000   -0.20000000000000             2
    0.30000000000001    0.20000000000000    0.30000000000001             2
    0.10000000000001    0.30000000000001    0.00000000000000             2
    0.20000000000000   -0.10000000000000   -0.10000000000000             2
    0.30000000000001    0.30000000000001    0.20000000000000             2
    0.00000000000000    0.10000000000000    0.30000000000001             2
   -0.09999999999999    0.20000000000001   -0.10000000000000             2
    0.20000000000000    0.30000000000000    0.30000000000001             2
    0.30000000000001   -0.00000000000001    0.10000000000000             2
    0.40000000000000    0.10000000000002    0.00000000000000             2
    0.00000000000001    0.40000000000000    0.10000000000001             2
    0.10000000000001    0.00000000000001    0.40000000000000             2
    0.10000000000001    0.10000000000000   -0.29999999999999             2
    0.40000000000000    0.29999999999998    0.40000000000000             2
    0.10000000000001    0.40000000000000    0.00000000000000             2
    0.29999999999998   -0.10000000000001   -0.10000000000001             2
    0.40000000000000    0.40000000000000    0.29999999999999             2
   -0.00000000000001    0.10000000000001    0.40000000000000             2
   -0.10000000000001    0.30000000000000   -0.10000000000001             2
    0.30000000000000    0.40000000000000    0.40000000000000             2
    0.40000000000000    0.00000000000000    0.10000000000001             2
    0.50000000000000    0.10000000000000    0.00000000000000             2
    0.00000000000000    0.50000000000000    0.10000000000000             2
    0.10000000000000    0.00000000000000    0.50000000000000             2
    0.10000000000000    0.10000000000000   -0.40000000000000             2
    0.50000000000000    0.40000000000000    0.50000000000000             2
    0.10000000000000    0.50000000000000    0.00000000000000             2
    0.40000000000000   -0.10000000000000   -0.10000000000000             2
    0.50000000000001    0.50000000000001    0.40000000000000             2
   -0.00000000000001    0.10000000000000    0.50000000000000             2
   -0.10000000000000    0.40000000000001   -0.10000000000000             2
    0.40000000000000    0.50000000000000    0.50000000000000             2
    0.49999999999999   -0.00000000000001    0.10000000000000             2
   -0.40000000000000    0.10000000000001    0.00000000000000             2
    0.00000000000000   -0.40000000000000    0.10000000000000             2
    0.10000000000000    0.00000000000001   -0.40000000000000             2
    0.10000000000001    0.10000000000000    0.50000000000001             2
   -0.40000000000000    0.49999999999999   -0.40000000000000             2
    0.10000000000000   -0.40000000000000    0.00000000000000             2
    0.49999999999999   -0.09999999999999   -0.10000000000000             2
   -0.40000000000001   -0.40000000000000    0.49999999999999             2
   -0.00000000000001    0.10000000000001   -0.40000000000000             2
   -0.10000000000000    0.49999999999999   -0.10000000000000             2
    0.49999999999999   -0.40000000000000   -0.40000000000000             2
   -0.40000000000000    0.00000000000000    0.10000000000000             2
   -0.30000000000000    0.10000000000000    0.00000000000000             2
    0.00000000000000   -0.30000000000000    0.10000000000000             2
    0.09999999999999    0.00000000000000   -0.30000000000000             2
    0.10000000000000    0.10000000000000    0.40000000000000             2
   -0.30000000000000   -0.40000000000000   -0.30000000000000             2
    0.10000000000000   -0.30000000000000    0.00000000000000             2
   -0.40000000000000   -0.09999999999999   -0.09999999999999             2
   -0.30000000000000   -0.30000000000000   -0.40000000000000             2
   -0.00000000000001    0.10000000000000   -0.30000000000000             2
   -0.09999999999999   -0.40000000000000   -0.09999999999999             2
   -0.40000000000000   -0.30000000000000   -0.30000000000000             2
   -0.30000000000000    0.00000000000000    0.10000000000000             2
   -0.19999999999999    0.10000000000001    0.00000000000000             2
    0.00000000000000   -0.19999999999999    0.10000000000000             2
    0.10000000000000    0.00000000000000   -0.19999999999999             2
    0.10000000000001    0.10000000000000    0.30000000000000             2
   -0.19999999999999   -0.30000000000000   -0.19999999999999             2
    0.10000000000000   -0.19999999999999    0.00000000000000             2
   -0.30000000000000   -0.10000000000000   -0.10000000000000             2
   -0.19999999999999   -0.19999999999999   -0.30000000000000             2
   -0.00000000000001    0.10000000000000   -0.19999999999999             2
   -0.10000000000001   -0.30000000000000   -0.10000000000000             2
   -0.30000000000000   -0.19999999999999   -0.19999999999999             2
   -0.19999999999999    0.00000000000000    0.10000000000000             2
   -0.10000000000000    0.10000000000000    0.00000000000000             2
    0.00000000000000   -0.10000000000000    0.10000000000000             2
    0.10000000000000    0.00000000000001   -0.10000000000000             2
    0.10000000000000    0.10000000000000    0.20000000000000             2
   -0.10000000000000   -0.19999999999999   -0.10000000000000             2
   -0.19999999999999   -0.09999999999999   -0.09999999999999             2
    0.20000000000000    0.20000000000000    0.00000000000000             2
    0.00000000000000    0.20000000000000    0.20000000000000             2
    0.20000000000000   -0.00000000000001    0.20000000000000             2
    0.30000000000000    0.20000000000000    0.00000000000000             2
    0.00000000000000    0.30000000000000    0.20000000000000             2
    0.20000000000001    0.00000000000000    0.30000000000000             2
    0.20000000000000    0.20000000000000   -0.09999999999999             2
    0.30000000000000    0.09999999999999    0.30000000000000             2
    0.20000000000000    0.30000000000001    0.00000000000000             2
    0.09999999999999   -0.20000000000000   -0.20000000000000             2
    0.30000000000000    0.29999999999999    0.10000000000000             2
    0.00000000000000    0.20000000000000    0.30000000000000             2
   -0.20000000000000    0.10000000000000   -0.20000000000000             2
    0.10000000000000    0.30000000000000    0.30000000000000             2
    0.30000000000000    0.00000000000000    0.20000000000000             2
    0.40000000000000    0.20000000000000    0.00000000000000             2
    0.00000000000001    0.40000000000001    0.20000000000000             2
    0.20000000000001    0.00000000000000    0.40000000000000             2
    0.20000000000000    0.20000000000000   -0.19999999999999             2
    0.40000000000000    0.20000000000000    0.40000000000000             2
    0.20000000000000    0.40000000000000    0.00000000000000             2
    0.20000000000000   -0.20000000000000   -0.20000000000000             2
    0.40000000000000    0.40000000000000    0.20000000000000             2
    0.00000000000000    0.20000000000001    0.40000000000000             2
   -0.20000000000000    0.20000000000000   -0.20000000000000             2
    0.20000000000000    0.39999999999999    0.40000000000000             2
    0.40000000000000    0.00000000000000    0.20000000000000             2
    0.49999999999999    0.20000000000000    0.00000000000000             2
    0.00000000000000    0.49999999999999    0.20000000000000             2
    0.20000000000001    0.00000000000000    0.49999999999999             2
    0.20000000000000    0.20000000000000   -0.29999999999999             2
    0.50000000000000    0.29999999999999    0.49999999999999             2
    0.20000000000000    0.49999999999999    0.00000000000000             2
    0.29999999999998   -0.20000000000000   -0.20000000000000             2
    0.50000000000000    0.49999999999999    0.29999999999999             2
    0.00000000000000    0.20000000000000    0.49999999999999             2
   -0.20000000000000    0.29999999999999   -0.20000000000000             2
    0.29999999999999    0.49999999999999    0.49999999999999             2
    0.49999999999999    0.00000000000000    0.20000000000000             2
   -0.39999999999999    0.20000000000000    0.00000000000000             2
    0.00000000000000   -0.40000000000000    0.20000000000000             2
    0.20000000000000    0.00000000000000   -0.40000000000000             2
    0.20000000000000    0.20000000000000   -0.40000000000000             2
   -0.40000000000000    0.40000000000000   -0.40000000000000             2
    0.20000000000000   -0.40000000000000    0.00000000000000             2
    0.40000000000001   -0.19999999999999   -0.19999999999999             2
   -0.40000000000000   -0.40000000000000    0.40000000000001             2
    0.00000000000000    0.20000000000000   -0.40000000000000             2
   -0.19999999999999    0.40000000000001   -0.19999999999999             2
    0.40000000000001   -0.40000000000000   -0.40000000000000             2
   -0.39999999999999    0.00000000000000    0.20000000000000             2
   -0.30000000000000    0.20000000000001    0.00000000000000             2
    0.00000000000000   -0.29999999999999    0.20000000000000             2
    0.20000000000001    0.00000000000000   -0.30000000000000             2
    0.20000000000000    0.20000000000001    0.50000000000000             2
   -0.29999999999999    0.50000000000000   -0.30000000000000             2
    0.20000000000000   -0.30000000000000    0.00000000000000             2
    0.50000000000000   -0.20000000000000   -0.20000000000000             2
   -0.30000000000000   -0.30000000000000    0.50000000000000             2
    0.00000000000000    0.20000000000000   -0.30000000000000             2
   -0.20000000000001    0.50000000000000   -0.20000000000000             2
    0.50000000000000   -0.30000000000000   -0.30000000000000             2
   -0.30000000000000    0.00000000000000    0.20000000000000             2
   -0.20000000000000    0.20000000000000    0.00000000000000             2
    0.00000000000000   -0.20000000000000    0.20000000000000             2
    0.20000000000000    0.00000000000000   -0.20000000000000             2
    0.20000000000000    0.20000000000000    0.40000000000000             2
   -0.20000000000000   -0.40000000000000   -0.20000000000000             2
   -0.40000000000000   -0.19999999999999   -0.19999999999999             2
    0.30000000000000    0.30000000000001    0.00000000000000             2
    0.00000000000000    0.30000000000000    0.30000000000001             2
    0.30000000000001    0.00000000000000    0.30000000000000             2
    0.39999999999999    0.30000000000001    0.00000000000000             2
    0.00000000000001    0.39999999999999    0.30000000000001             2
    0.30000000000001    0.00000000000000    0.39999999999999             2
    0.30000000000001    0.30000000000001   -0.09999999999999             2
    0.40000000000000    0.09999999999999    0.39999999999999             2
    0.30000000000001    0.39999999999999    0.00000000000000             2
    0.09999999999998   -0.30000000000000   -0.30000000000000             2
    0.39999999999999    0.40000000000000    0.09999999999999             2
   -0.00000000000001    0.30000000000001    0.39999999999999             2
   -0.30000000000000    0.09999999999999   -0.30000000000000             2
    0.09999999999999    0.39999999999999    0.39999999999999             2
    0.39999999999999    0.00000000000000    0.30000000000001             2
    0.50000000000000    0.30000000000000    0.00000000000000             2
    0.00000000000000    0.50000000000000    0.30000000000000             2
    0.30000000000000    0.00000000000000    0.50000000000000             2
    0.30000000000000    0.30000000000000   -0.20000000000000             2
    0.50000000000000    0.20000000000000    0.50000000000000             2
    0.30000000000000    0.50000000000000    0.00000000000000             2
    0.20000000000000   -0.30000000000000   -0.30000000000000             2
    0.50000000000001    0.50000000000001    0.20000000000000             2
   -0.00000000000001    0.30000000000000    0.50000000000000             2
   -0.30000000000000    0.20000000000000   -0.30000000000000             2
    0.20000000000000    0.50000000000000    0.50000000000000             2
    0.49999999999999   -0.00000000000001    0.30000000000000             2
   -0.40000000000000    0.30000000000001    0.00000000000000             2
    0.00000000000000   -0.40000000000000    0.30000000000001             2
    0.30000000000001    0.00000000000000   -0.40000000000000             2
    0.30000000000001    0.30000000000001   -0.30000000000000             2
   -0.39999999999999    0.30000000000000   -0.40000000000000             2
    0.30000000000000   -0.40000000000000    0.00000000000000             2
    0.30000000000000   -0.30000000000000   -0.30000000000000             2
   -0.40000000000000   -0.39999999999999    0.30000000000000             2
    0.00000000000000    0.30000000000001   -0.40000000000000             2
   -0.30000000000001    0.30000000000000   -0.30000000000000             2
    0.30000000000000   -0.40000000000000   -0.40000000000000             2
   -0.39999999999999   -0.00000000000001    0.30000000000001             2
   -0.30000000000000    0.30000000000001    0.00000000000000             2
    0.00000000000000   -0.30000000000000    0.30000000000000             2
    0.30000000000001    0.00000000000000   -0.30000000000000             2
    0.30000000000000    0.30000000000000   -0.40000000000000             2
   -0.30000000000000    0.40000000000000   -0.30000000000000             2
    0.40000000000000   -0.30000000000000   -0.30000000000000             2
    0.40000000000000    0.40000000000000    0.00000000000000             2
    0.00000000000001    0.40000000000000    0.40000000000000             2
    0.40000000000000    0.00000000000000    0.40000000000000             2
    0.50000000000000    0.40000000000000    0.00000000000000             2
    0.00000000000001    0.50000000000000    0.40000000000000             2
    0.40000000000000    0.00000000000000    0.50000000000000             2
    0.40000000000000    0.40000000000000   -0.10000000000000             2
    0.50000000000000    0.10000000000001    0.50000000000000             2
    0.40000000000000    0.49999999999999    0.00000000000000             2
    0.10000000000001   -0.40000000000000   -0.40000000000000             2
    0.50000000000000    0.50000000000001    0.10000000000000             2
    0.00000000000000    0.40000000000000    0.50000000000000             2
   -0.40000000000000    0.10000000000000   -0.40000000000000             2
    0.10000000000000    0.50000000000000    0.50000000000000             2
    0.50000000000000    0.00000000000000    0.40000000000000             2
   -0.40000000000000    0.40000000000000    0.00000000000000             2
    0.00000000000000   -0.40000000000000    0.40000000000000             2
    0.40000000000000    0.00000000000000   -0.40000000000000             2
    0.40000000000001    0.40000000000000   -0.19999999999999             2
   -0.40000000000000    0.20000000000000   -0.40000000000000             2
    0.20000000000000   -0.40000000000000   -0.40000000000000             2
    0.50000000000000    0.50000000000000    0.00000000000000             1
    0.00000000000000    0.50000000000001    0.50000000000000             1
    0.50000000000000    0.00000000000000    0.50000000000000             1
    0.30000000000000    0.20000000000000    0.10000000000000             2
    0.10000000000001    0.30000000000000    0.20000000000000             2
    0.20000000000000    0.10000000000000    0.30000000000000             2
    0.20000000000000    0.10000000000000   -0.10000000000000             2
    0.30000000000000    0.10000000000000    0.20000000000000             2
    0.10000000000000   -0.20000000000000   -0.09999999999999             2
    0.10000000000000    0.20000000000000   -0.10000000000000             2
    0.10000000000000   -0.09999999999999   -0.19999999999999             2
    0.20000000000000    0.30000000000000    0.10000000000000             2
   -0.09999999999999    0.10000000000000   -0.19999999999999             2
   -0.19999999999999    0.10000000000000   -0.09999999999999             2
    0.10000000000000    0.20000000000000    0.30000000000000             2
    0.40000000000000    0.20000000000000    0.10000000000000             2
    0.10000000000000    0.40000000000001    0.20000000000000             2
    0.20000000000000    0.10000000000001    0.40000000000000             2
    0.20000000000000    0.10000000000000   -0.19999999999999             2
    0.40000000000000    0.20000000000000    0.30000000000000             2
    0.10000000000001   -0.30000000000000   -0.10000000000000             2
    0.10000000000000    0.30000000000000   -0.10000000000000             2
    0.19999999999999   -0.10000000000000   -0.20000000000000             2
   -0.30000000000000   -0.19999999999999   -0.40000000000000             2
    0.30000000000001    0.40000000000000    0.20000000000000             2
   -0.10000000000000    0.10000000000000   -0.30000000000000             2
   -0.19999999999999    0.20000000000001    0.10000000000000             2
   -0.10000000000001    0.10000000000000    0.30000000000000             2
   -0.20000000000000    0.19999999999999   -0.10000000000000             2
   -0.40000000000000   -0.29999999999999   -0.19999999999999             2
    0.20000000000000    0.30000000000000    0.40000000000000             2
   -0.29999999999999   -0.10000000000000    0.10000000000000             2
    0.10000000000000   -0.19999999999999    0.20000000000000             2
    0.29999999999999   -0.10000000000000    0.10000000000000             2
   -0.10000000000000   -0.20000000000000    0.20000000000000             2
   -0.19999999999999   -0.40000000000000   -0.30000000000000             2
   -0.40000000000000   -0.10000000000001   -0.20000000000000             2
   -0.20000000000000   -0.40000000000000   -0.10000000000000             2
   -0.10000000000000   -0.20000000000001   -0.40000000000000             2
    0.50000000000000    0.20000000000000    0.10000000000000             2
    0.10000000000000    0.50000000000000    0.20000000000000             2
    0.20000000000000    0.10000000000000    0.50000000000000             2
    0.20000000000000    0.10000000000000   -0.30000000000000             2
    0.50000000000000    0.29999999999999    0.40000000000000             2
    0.10000000000001   -0.40000000000000   -0.10000000000000             2
    0.10000000000000    0.40000000000000   -0.10000000000000             2
    0.29999999999999   -0.10000000000000   -0.20000000000000             2
   -0.40000000000000   -0.30000000000000    0.50000000000000             2
    0.40000000000000    0.50000000000000    0.30000000000000             2
   -0.10000000000000    0.10000000000001   -0.40000000000000             2
   -0.30000000000000    0.20000000000000    0.10000000000000             2
   -0.10000000000001    0.10000000000000    0.40000000000000             2
   -0.19999999999999    0.30000000000001   -0.10000000000000             2
    0.50000000000000   -0.40000000000000   -0.30000000000000             2
    0.30000000000001    0.40000000000000    0.50000000000000             2
   -0.40000000000000   -0.10000000000000    0.10000000000000             2
    0.10000000000000   -0.30000000000000    0.20000000000000             2
    0.40000000000000   -0.10000000000000    0.10000000000000             2
   -0.10000000000000   -0.20000000000000    0.30000000000000             2
   -0.30000000000000    0.50000000000000   -0.40000000000000             2
    0.50000000000000   -0.10000000000000   -0.20000000000000             2
   -0.20000000000001    0.50000000000000   -0.10000000000000             2
   -0.10000000000000   -0.20000000000000    0.50000000000000             2
   -0.39999999999999    0.20000000000000    0.10000000000000             2
    0.10000000000000   -0.39999999999999    0.20000000000000             2
    0.20000000000001    0.10000000000000   -0.40000000000000             2
   -0.40000000000000    0.40000000000000    0.50000000000000             2
    0.10000000000000    0.50000000000000   -0.10000000000000             2
    0.40000000000000   -0.10000000000000   -0.20000000000000             2
    0.50000000000000   -0.40000000000000    0.40000000000000             2
   -0.10000000000000    0.10000000000000    0.50000000000000             2
   -0.20000000000000    0.39999999999999   -0.10000000000000             2
    0.39999999999999    0.50000000000000   -0.40000000000000             2
    0.50000000000000   -0.10000000000000    0.10000000000000             2
   -0.09999999999999   -0.20000000000000    0.40000000000000             2
    0.40000000000000    0.30000000000001    0.10000000000000             2
    0.10000000000000    0.40000000000000    0.30000000000001             2
    0.30000000000001    0.10000000000000    0.40000000000000             2
    0.30000000000001    0.20000000000000   -0.09999999999999             2
    0.40000000000000    0.09999999999999    0.30000000000000             2
    0.10000000000001   -0.30000000000000   -0.20000000000000             2
    0.20000000000000    0.30000000000000   -0.10000000000000             2
    0.09999999999999   -0.20000000000000   -0.30000000000000             2
    0.30000000000001    0.40000000000001    0.10000000000000             2
   -0.20000000000000    0.10000000000000   -0.30000000000000             2
   -0.30000000000000    0.10000000000000   -0.20000000000000             2
    0.10000000000000    0.30000000000000    0.40000000000000             2
    0.50000000000000    0.30000000000001    0.10000000000000             2
    0.10000000000000    0.50000000000000    0.30000000000001             2
    0.30000000000001    0.10000000000001    0.50000000000000             2
    0.30000000000001    0.20000000000000   -0.19999999999999             2
    0.50000000000000    0.20000000000000    0.40000000000000             2
    0.10000000000001   -0.40000000000000   -0.20000000000000             2
    0.20000000000000    0.40000000000000   -0.10000000000000             2
    0.20000000000000   -0.20000000000001   -0.30000000000000             2
   -0.40000000000000   -0.19999999999999    0.50000000000000             2
    0.40000000000000    0.49999999999999    0.20000000000000             2
   -0.20000000000000    0.10000000000000   -0.40000000000000             2
   -0.19999999999999    0.30000000000001    0.20000000000000             2
   -0.10000000000000    0.20000000000000    0.40000000000000             2
   -0.30000000000000    0.20000000000000   -0.20000000000000             2
    0.50000000000000   -0.40000000000000   -0.19999999999999             2
    0.19999999999999    0.40000000000000    0.50000000000000             2
   -0.40000000000000   -0.20000000000000    0.10000000000000             2
    0.20000000000000   -0.19999999999999    0.30000000000001             2
    0.40000000000000   -0.09999999999999    0.20000000000000             2
   -0.20000000000000   -0.30000000000000    0.20000000000000             2
   -0.19999999999999    0.50000000000000   -0.40000000000000             2
    0.50000000000000   -0.10000000000001   -0.30000000000000             2
   -0.30000000000000    0.49999999999999   -0.10000000000000             2
   -0.10000000000001   -0.30000000000000    0.50000000000000             2
   -0.40000000000000    0.30000000000000    0.10000000000000             2
    0.10000000000000   -0.40000000000000    0.30000000000000             2
    0.30000000000000    0.10000000000000   -0.40000000000000             2
    0.30000000000001    0.20000000000000   -0.30000000000000             2
   -0.39999999999999    0.30000000000001    0.50000000000000             2
    0.10000000000000    0.50000000000000   -0.19999999999999             2
    0.20000000000000    0.50000000000000   -0.10000000000000             2
    0.30000000000001   -0.19999999999999   -0.30000000000000             2
    0.49999999999999   -0.30000000000000    0.40000000000000             2
    0.50000000000000   -0.40000000000000    0.30000000000001             2
   -0.19999999999999    0.10000000000000    0.50000000000000             2
   -0.30000000000000    0.30000000000001    0.20000000000000             2
   -0.10000000000000    0.20000000000000    0.50000000000000             2
   -0.30000000000000    0.30000000000000   -0.19999999999999             2
    0.39999999999999    0.50000000000000   -0.30000000000000             2
    0.30000000000001    0.50000000000000   -0.40000000000000             2
    0.50000000000000   -0.19999999999999    0.10000000000000             2
    0.20000000000000   -0.30000000000000    0.30000000000000             2
    0.50000000000000   -0.10000000000000    0.20000000000000             2
   -0.19999999999999   -0.30000000000000    0.30000000000001             2
   -0.30000000000000    0.40000000000000    0.50000000000000             2
    0.40000000000000   -0.10000000000000   -0.30000000000000             2
   -0.30000000000000    0.40000000000000   -0.10000000000000             2
   -0.10000000000000   -0.30000000000000    0.40000000000000             2
   -0.30000000000000    0.30000000000001    0.10000000000000             2
    0.10000000000000   -0.30000000000000    0.30000000000001             2
    0.30000000000001    0.10000000000000   -0.30000000000000             2
    0.30000000000001    0.20000000000000   -0.39999999999999             2
   -0.30000000000000    0.39999999999999   -0.40000000000000             2
    0.10000000000000    0.40000000000001   -0.20000000000000             2
    0.20000000000000   -0.40000000000000   -0.10000000000000             2
    0.39999999999999   -0.20000000000000   -0.30000000000000             2
    0.40000000000001   -0.39999999999999    0.30000000000001             2
   -0.40000000000000   -0.30000000000000    0.39999999999999             2
   -0.19999999999999    0.10000000000000    0.40000000000001             2
   -0.39999999999999    0.30000000000001    0.20000000000000             2
   -0.10000000000000    0.20000000000000   -0.40000000000000             2
   -0.30000000000000    0.39999999999999   -0.20000000000000             2
    0.30000000000001    0.40000000000001   -0.39999999999999             2
    0.39999999999999   -0.40000000000000   -0.30000000000000             2
    0.40000000000000   -0.20000000000000    0.10000000000000             2
    0.20000000000000   -0.39999999999999    0.30000000000001             2
   -0.40000000000000   -0.10000000000000    0.20000000000000             2
   -0.20000000000000   -0.30000000000000    0.39999999999999             2
   -0.39999999999999    0.30000000000001    0.40000000000001             2
    0.30000000000000   -0.10000000000001   -0.30000000000000             2
   -0.30000000000001    0.30000000000000   -0.10000000000000             2
   -0.10000000000000   -0.30000000000001    0.30000000000001             2
   -0.19999999999999    0.30000000000000    0.10000000000000             2
    0.10000000000000   -0.19999999999999    0.30000000000000             2
    0.29999999999999    0.10000000000000   -0.19999999999999             2
    0.30000000000001    0.20000000000000    0.49999999999999             2
   -0.19999999999999    0.50000000000001   -0.30000000000000             2
    0.10000000000000    0.29999999999999   -0.19999999999999             2
    0.50000000000001   -0.20000000000000   -0.30000000000000             2
    0.30000000000000    0.49999999999999    0.20000000000000             2
   -0.19999999999999    0.10000000000000    0.30000000000000             2
    0.49999999999999    0.30000000000000    0.20000000000000             2
    0.20000000000000    0.30000000000000    0.49999999999999             2
    0.30000000000000   -0.19999999999999    0.10000000000000             2
    0.50000000000000    0.40000000000000    0.10000000000000             2
    0.10000000000000    0.50000000000000    0.40000000000000             2
    0.40000000000001    0.10000000000001    0.50000000000000             2
    0.39999999999999    0.30000000000000   -0.10000000000000             2
    0.50000000000000    0.10000000000000    0.40000000000000             2
    0.10000000000001   -0.40000000000000   -0.30000000000000             2
    0.30000000000000    0.40000000000000   -0.10000000000000             2
    0.10000000000000   -0.30000000000000   -0.40000000000000             2
    0.40000000000000    0.50000000000000    0.10000000000000             2
   -0.30000000000000    0.10000000000000   -0.40000000000000             2
   -0.40000000000000    0.10000000000000   -0.30000000000000             2
    0.10000000000000    0.40000000000000    0.50000000000000             2
   -0.40000000000000    0.40000000000001    0.10000000000000             2
    0.10000000000000   -0.40000000000000    0.40000000000001             2
    0.40000000000001    0.10000000000000   -0.40000000000000             2
    0.40000000000001    0.30000000000001   -0.19999999999999             2
   -0.40000000000000    0.19999999999998    0.49999999999999             2
    0.10000000000000    0.50000000000001   -0.30000000000000             2
    0.30000000000001    0.49999999999999   -0.10000000000000             2
    0.19999999999999   -0.30000000000000   -0.40000000000000             2
    0.50000000000001   -0.19999999999999    0.40000000000001             2
    0.50000000000000   -0.40000000000000    0.19999999999999             2
   -0.30000000000000    0.10000000000001    0.50000000000001             2
   -0.19999999999999    0.40000000000000    0.30000000000001             2
   -0.10000000000000    0.30000000000000    0.49999999999999             2
   -0.40000000000001    0.19999999999999   -0.30000000000000             2
    0.40000000000000    0.50000000000001   -0.19999999999999             2
    0.19999999999999    0.50000000000000   -0.40000000000000             2
    0.50000000000000   -0.30000000000000    0.10000000000000             2
    0.30000000000000   -0.19999999999999    0.40000000000001             2
    0.49999999999999   -0.10000000000000    0.30000000000001             2
   -0.30000000000000   -0.40000000000000    0.19999999999999             2
   -0.19999999999999    0.40000000000001    0.50000000000001             2
    0.40000000000001   -0.10000000000000   -0.40000000000000             2
   -0.40000000000000    0.40000000000001   -0.10000000000000             2
   -0.10000000000000   -0.40000000000000    0.40000000000001             2
   -0.29999999999999    0.40000000000000    0.10000000000000             2
    0.10000000000000   -0.30000000000000    0.40000000000000             2
    0.40000000000001    0.10000000000000   -0.30000000000000             2
    0.40000000000000    0.30000000000000   -0.30000000000000             2
   -0.30000000000000    0.30000000000001   -0.40000000000000             2
    0.10000000000000    0.40000000000000   -0.30000000000000             2
    0.30000000000001   -0.30000000000000   -0.40000000000000             2
    0.40000000000000   -0.30000000000000    0.30000000000000             2
   -0.30000000000000    0.10000000000000    0.40000000000000             2
   -0.30000000000000    0.40000000000000    0.30000000000000             2
    0.30000000000000    0.39999999999999   -0.30000000000000             2
    0.40000000000000   -0.30000000000000    0.10000000000000             2
   -0.40000000000000    0.50000000000001    0.10000000000000             2
    0.10000000000000   -0.40000000000000    0.50000000000000             2
    0.50000000000001    0.10000000000000   -0.40000000000000             2
    0.50000000000000    0.40000000000001   -0.10000000000000             2
   -0.40000000000000    0.10000000000000    0.50000000000000             2
    0.10000000000000    0.49999999999999   -0.40000000000000             2
   -0.39999999999999    0.40000000000001    0.20000000000000             2
    0.20000000000000   -0.40000000000000    0.40000000000001             2
    0.40000000000001    0.20000000000000   -0.40000000000000             2
    0.40000000000001    0.20000000000000   -0.19999999999999             2
   -0.40000000000000    0.20000000000000    0.40000000000000             2
    0.20000000000000   -0.40000000000000   -0.20000000000000             2
    0.20000000000000    0.40000000000000   -0.20000000000000             2
    0.20000000000000   -0.20000000000000   -0.40000000000000             2
    0.40000000000001   -0.40000000000000    0.20000000000000             2
   -0.20000000000001    0.20000000000000   -0.40000000000000             2
   -0.40000000000001    0.20000000000000   -0.20000000000000             2
    0.20000000000000    0.40000000000001   -0.40000000000000             2
   -0.29999999999999    0.40000000000000    0.20000000000000             2
    0.20000000000000   -0.30000000000000    0.40000000000001             2
    0.40000000000001    0.20000000000000   -0.30000000000000             2
   -0.30000000000000    0.30000000000000    0.50000000000000             2
    0.20000000000000    0.50000000000000   -0.20000000000000             2
    0.30000000000000   -0.20000000000001   -0.40000000000000             2
    0.50000000000000   -0.30000000000000    0.30000000000000             2
   -0.20000000000001    0.20000000000000    0.50000000000000             2
   -0.40000000000000    0.30000000000000   -0.20000000000000             2
    0.30000000000000    0.50000000000000   -0.30000000000000             2
    0.50000000000000   -0.19999999999999    0.20000000000000             2
   -0.19999999999999   -0.40000000000000    0.30000000000000             2
   -0.30000000000000    0.50000000000000    0.20000000000000             2
    0.20000000000000   -0.30000000000000    0.50000000000000             2
    0.50000000000000    0.20000000000000   -0.30000000000000             2
    0.50000000000001    0.30000000000000   -0.20000000000000             2
   -0.29999999999999    0.20000000000001    0.50000000000000             2
    0.20000000000000    0.50000000000000   -0.30000000000000             2
