   1.73616366043434      -0.352113585817642      -2.719646327107334E-019
 -5.882723543961164E-019 -1.084202172485504E-018  4.620398807869795E-019
  6.214443776393570E-019  8.673617379884035E-019  2.355364808157778E-002
  1.435311470013938E-021  1.750092406929854E-020  2.710505431213761E-020
  2.625576241355346E-019 -1.991440599391605E-019  0.000000000000000E+000
   6.42447157672141      -1.378780122565552E-014  3.292232036316030E-015
  -9.50796625202163       1.016445868521028E-014 -2.366652817517887E-015
   6.42447157672141      -6.470518565393490E-015  1.020243657773647E-014
  -9.50796625202164       4.805184028455756E-015   6.42447157672141     
 -2.376832066880653E-015  4.761622923360981E-015  -9.50796625202163     
   3.63121601939701      -7.765435069846596E-015  1.797224536746671E-015
   3.63121601939701      -3.660266534311063E-015   3.63121601939701     
   1.73616366043434      -0.352113585817642      -8.122383517408154E-019
  5.882720366695301E-019  1.084202172485504E-018 -1.329400632726416E-018
  2.459177944446591E-019  0.000000000000000E+000  2.355364808157778E-002
  3.922262832656597E-020 -1.750078844461246E-020 -1.219727444046192E-019
 -1.270324553067899E-019  1.449339062256106E-019  2.710505431213761E-020
   6.42447157672141      -1.379474011181446E-014  3.285293139654966E-015
  -9.50796625202163       1.015751978332590E-014 -2.380530600901909E-015
   6.42447157672141      -6.463579671489583E-015  1.018855878740077E-014
  -9.50796625202163       4.801714581503802E-015   6.42447157672141     
 -2.362954277284136E-015  4.768561817167641E-015  -9.50796625202163     
   3.63121601939701      -7.786251743381263E-015  1.804163425391832E-015
   3.63121601939701      -3.646388746503249E-015   3.63121601939701     
