   1.73021238422448      -0.345662603739350      -7.206036341087668E-019
 -5.983927813369058E-019 -1.517883041479706E-018  7.064819875486489E-019
  6.356656571064985E-019 -1.084202172485504E-018  2.295266419692919E-002
 -3.286816606359598E-020  1.716538794694134E-020  1.355252715606881E-019
  1.259892139276827E-019 -1.992211178358849E-019 -1.626303258728257E-019
   5.94798232458699      -1.275588779058160E-014  3.092131796005335E-015
  -8.55289380782224       9.173735996027347E-015 -2.173771784536096E-015
   5.94798232458699      -5.970918204312170E-015  9.169345955384356E-015
  -8.55289380782224       4.291705879566621E-015   5.94798232458699     
 -2.172864472530882E-015  4.251090603513451E-015  -8.55289380782224     
   3.19012948976459      -6.817217693076974E-015  1.583866862281612E-015
   3.19012948976459      -3.198830089701232E-015   3.19012948976459     
   1.73021238422448      -0.345662603739350      -7.972854781453859E-019
  5.983893999957070E-019  1.517883041479706E-018 -4.896361665903697E-019
  2.316996729104047E-019  1.084202172485504E-018  2.295266419692919E-002
 -7.554724802095599E-020  3.704593350956059E-020 -2.710505431213761E-020
 -1.530979620069052E-019  1.992201258436528E-019 -8.131516293641283E-020
   5.94798232458699      -1.275588773864138E-014  3.092131793283072E-015
  -8.55289380782224       9.187613734184319E-015 -2.152955077193737E-015
   5.94798232458699      -5.963979310408263E-015  9.127712577314834E-015
  -8.55289380782224       4.305583667374435E-015   5.94798232458699     
 -2.193681103597177E-015  4.264968360025781E-015  -8.55289380782224     
   3.19012948976459      -6.817217649304866E-015  1.583866859080642E-015
   3.19012948976460      -3.198830089701232E-015   3.19012948976459     
