   1.73649904167082      -0.352264417209411       1.040063289487313E-018
  2.798735664072164E-019 -4.336808689942018E-019  4.552009092809936E-019
 -2.460533732366293E-019  1.951563910473908E-018  2.357091141980282E-002
  2.891909887636519E-021 -3.651027714882603E-020  1.219727444046192E-019
 -6.481562839128887E-020 -3.683659854814245E-020 -5.421010862427522E-020
   6.42320477935375      -1.378768323881459E-014  3.278388269005460E-015
  -9.50575174652657       1.019901830517483E-014 -2.359759615010431E-015
   6.42320477935375      -6.505213034913027E-015  1.021634047491368E-014
  -9.50575174652658       4.767020111984266E-015   6.42320477935375     
 -2.363529110859332E-015  4.761413586716101E-015  -9.50575174652657     
   3.63031104691514      -7.758392008828933E-015  1.811126438785245E-015
   3.63031104691514      -3.632510958695434E-015   3.63031104691514     
   1.73649904167082      -0.352264417209411       1.236760994046452E-018
  5.874877629616136E-019  1.301042606982605E-018 -5.636209678720082E-019
 -1.876269874576959E-019 -2.168404344971009E-019  2.357091141980282E-002
 -2.891551106687981E-021  3.651039158142155E-020 -1.219727444046192E-019
 -4.360475016737371E-020  1.452567038134456E-019 -5.421010862427522E-020
   6.42320477935375      -1.379462214166425E-014  3.278388275129722E-015
  -9.50575174652657       1.019901831331240E-014 -2.366698517457710E-015
   6.42320477935375      -6.505213034913027E-015  1.025103494931515E-014
  -9.50575174652658       4.780897899792080E-015   6.42320477935374     
 -2.356590226525418E-015  4.740596906705686E-015  -9.50575174652658     
   3.63031104691514      -7.751453122693153E-015  1.811126445297657E-015
   3.63031104691514      -3.660266534311063E-015   3.63031104691514     
